21 18 19 20 22 20 20 19 19 21 20 20 20 18 20 20 21 22 20 20 20 19 18 18 18 19 21 19 20 20 20 20 19 19 20 19 20 18 19 20 19 21 20 20 21 19 20 20 19 19 19 19 20 20 22 21 20 20 19 21 18 19 20 19 21 20 21 20 19 20 19 19 19 20 21 21 18 19 19 20 20 18 18 20 20 20 18 18 18 20 20 19 20 20 21 20 19 19 21 20 22 
20 22 21 21 19 20 21 22 21 20 19 18 19 20 21 18 19 17 22 22 20 19 18 19 19 19 20 21 20 20 20 20 20 20 20 20 20 19 20 20 21 20 20 19 20 21 20 20 20 21 21 21 21 21 21 20 19 19 19 20 20 20 20 19 20 20 20 20 19 19 19 19 19 20 21 22 21 21 20 20 20 19 21 21 20 20 20 20 19 18 18 20 20 21 19 19 19 19 19 18 20 
19 19 20 20 20 19 18 19 20 19 21 21 21 19 19 18 20 19 19 19 19 20 19 18 19 19 19 20 21 21 21 20 20 20 20 20 19 18 20 20 20 21 19 20 20 20 22 21 20 18 18 18 19 19 18 19 18 18 18 19 20 21 20 21 20 21 21 20 21 20 20 19 20 21 20 20 20 21 21 21 21 20 20 20 21 21 21 19 19 21 20 21 20 21 21 20 19 18 19 20 21 
20 20 20 19 20 21 21 21 19 20 19 21 20 23 20 19 19 19 21 21 20 18 19 20 21 21 21 20 20 20 20 20 20 20 20 20 20 19 20 20 22 20 21 20 20 20 18 19 18 21 20 21 18 19 20 22 22 20 20 21 22 23 21 20 20 20 21 20 21 20 21 20 20 21 20 19 19 20 19 21 19 20 19 20 22 21 20 20 20 20 20 19 20 21 22 22 22 22 21 19 20 
20 19 22 20 18 19 16 21 19 20 18 18 19 18 20 20 20 19 20 19 20 20 18 18 18 18 20 22 23 21 20 20 20 19 19 19 18 20 19 21 20 21 19 19 21 20 21 19 20 20 20 18 18 20 21 20 18 18 19 20 20 21 20 21 21 19 20 19 20 18 20 19 20 20 18 19 20 21 21 20 19 18 21 21 21 19 21 21 20 19 19 21 22 20 19 19 19 20 20 20 20 
20 18 19 20 20 19 17 19 20 20 19 19 19 19 19 20 20 20 20 20 21 19 20 19 21 19 19 20 20 22 21 21 20 19 18 18 18 18 19 19 20 21 21 20 19 20 21 21 20 19 19 20 21 21 20 19 18 20 20 22 19 20 17 19 19 18 20 20 19 19 19 19 21 20 19 19 19 20 20 20 19 18 17 18 18 18 20 19 20 20 21 20 21 20 21 21 20 20 20 19 18 
21 20 20 19 19 18 18 21 21 20 21 21 21 20 19 20 19 19 20 20 20 20 21 20 20 21 20 19 19 20 22 21 18 18 18 20 20 20 20 20 20 20 20 19 18 18 19 20 21 20 21 20 22 20 20 18 18 19 20 21 20 20 19 20 21 19 20 19 19 20 20 20 21 19 21 20 20 20 20 21 20 20 20 20 21 21 20 20 19 20 20 20 20 20 20 20 18 20 21 20 20 
19 21 20 19 17 17 19 21 22 21 18 18 19 21 21 18 19 19 22 21 20 20 21 22 20 19 20 19 20 19 21 22 22 21 20 20 19 19 22 22 21 19 20 18 20 20 20 20 20 20 20 20 20 19 20 20 22 19 20 19 19 21 20 21 22 21 20 20 19 20 19 20 20 20 20 20 21 20 20 19 20 20 20 20 20 21 20 20 19 19 20 21 22 20 21 22 21 21 20 21 21 
18 20 20 20 19 19 19 18 18 20 20 21 20 19 18 20 21 20 20 19 19 20 20 20 19 20 21 21 22 19 19 19 18 20 19 19 20 20 20 20 20 20 21 20 19 18 18 20 20 21 21 20 20 20 20 18 19 20 21 20 18 19 20 19 20 20 19 19 19 21 21 20 20 20 21 21 19 19 19 20 19 19 19 19 18 18 21 21 21 20 18 21 20 20 20 22 22 20 19 18 20 
21 20 20 20 20 20 20 20 21 20 20 20 20 20 20 21 20 20 19 20 21 22 21 19 20 20 22 21 20 19 20 20 21 20 19 19 18 19 21 22 22 20 19 17 18 19 21 21 19 20 20 20 20 20 19 21 22 22 21 21 20 18 18 19 20 20 20 21 20 20 19 18 20 20 21 20 21 20 20 20 19 20 19 21 21 21 22 21 21 20 19 20 19 21 20 20 19 20 20 22 21 
20 21 21 19 20 20 20 20 21 22 22 20 19 19 18 20 19 19 19 19 21 20 20 20 21 21 21 20 20 20 19 20 19 20 20 21 20 18 19 19 20 19 20 20 20 20 18 18 18 18 19 18 20 19 20 19 20 20 19 20 19 20 20 20 20 21 21 21 19 20 20 21 20 20 21 20 20 20 18 19 19 21 19 20 19 20 21 21 22 20 20 19 20 21 20 21 21 20 20 20 20 
20 19 19 20 19 20 19 20 20 20 21 20 21 20 21 19 20 20 21 20 19 18 19 18 18 19 20 19 19 18 20 21 20 20 20 21 22 21 20 21 21 21 21 19 20 20 21 20 20 19 19 20 21 21 19 19 19 21 20 18 18 20 22 21 20 20 19 20 20 18 19 18 19 20 18 18 19 20 21 20 19 19 17 19 20 20 23 23 23 22 19 20 20 20 21 20 20 20 20 19 18 
17 18 18 19 19 20 19 21 20 22 20 20 20 19 21 20 21 21 21 22 20 20 20 19 20 20 21 20 20 20 20 19 20 20 21 20 19 20 21 21 20 18 19 20 20 20 19 20 19 20 19 18 19 20 21 21 20 18 19 20 20 21 20 23 22 19 18 19 21 22 20 20 20 19 20 20 20 21 21 20 19 19 19 20 19 20 20 20 21 20 20 20 20 20 19 19 20 20 20 21 21 
21 20 20 21 23 23 20 21 20 20 20 19 21 20 20 19 20 21 20 20 20 20 21 21 20 19 18 21 22 23 21 20 21 21 21 18 19 20 20 21 20 20 21 22 21 21 20 21 22 21 21 18 19 20 19 20 20 21 20 20 22 21 20 19 18 20 19 18 18 19 20 20 19 19 20 20 21 19 19 18 20 21 20 19 19 20 21 21 21 21 19 20 19 20 20 20 19 20 21 21 22 
20 20 20 20 19 19 19 18 18 17 20 21 21 20 19 18 19 19 20 20 19 19 19 19 21 20 20 19 20 20 20 20 19 19 19 20 20 20 18 19 18 19 20 20 20 21 20 20 20 20 20 19 20 20 19 20 20 20 20 18 18 19 18 19 17 18 19 20 19 20 19 19 19 18 19 19 19 18 18 17 18 18 20 20 20 20 20 21 20 21 21 21 21 20 18 17 18 18 19 20 19 
18 19 21 21 20 20 19 21 20 20 22 20 21 20 20 22 20 20 20 21 21 21 20 20 20 20 19 20 20 19 19 20 21 21 20 20 19 20 21 20 20 20 20 21 20 21 21 20 20 19 20 20 21 21 19 19 19 20 21 20 20 20 21 21 20 20 21 20 22 21 21 21 21 21 20 20 21 20 21 20 20 20 21 21 22 18 20 20 21 21 19 20 19 20 20 19 20 20 21 23 22 
19 19 18 19 20 22 22 19 19 19 19 19 20 20 20 18 20 20 19 19 20 20 20 20 20 20 20 20 20 20 20 19 18 19 21 23 20 19 20 20 20 19 19 19 19 20 20 20 20 21 20 21 19 20 18 21 20 20 19 20 21 19 20 18 20 20 20 19 18 18 19 19 19 19 20 19 18 20 20 20 21 20 18 18 18 19 19 19 20 20 19 18 19 18 20 19 20 19 19 19 20 
22 19 20 18 20 20 20 20 20 21 21 20 19 19 21 20 21 20 22 21 20 20 19 19 20 20 20 21 20 19 19 20 19 19 20 21 21 20 19 20 20 21 20 20 20 20 20 20 20 21 20 20 19 21 21 21 20 18 20 21 20 21 19 20 20 20 21 19 20 20 20 20 20 20 19 20 20 20 19 17 20 21 22 21 19 18 20 20 20 21 19 20 20 22 21 20 20 19 21 20 20 
20 20 20 19 21 20 21 19 20 18 19 19 20 20 20 20 20 20 19 21 20 22 20 19 18 19 21 21 21 21 21 20 19 19 19 20 19 17 19 19 20 20 19 19 19 20 20 22 22 22 21 20 20 21 20 21 20 20 19 20 20 19 20 20 21 20 20 19 18 19 19 18 18 18 20 19 20 20 20 20 19 20 21 22 22 19 19 20 19 21 19 20 20 20 21 20 19 19 18 20 20 
20 19 19 17 20 19 21 20 20 20 19 20 18 18 19 21 21 19 19 16 18 19 18 20 20 21 20 20 19 19 20 20 20 20 21 18 20 20 22 21 20 20 20 20 20 20 20 20 21 20 21 18 19 18 20 21 19 19 18 20 20 20 20 20 18 20 20 21 20 19 19 20 20 19 17 19 20 21 22 22 21 19 19 20 21 22 21 19 19 19 21 20 21 20 20 20 20 20 21 21 20 
20 19 20 20 20 20 19 20 20 20 20 20 20 21 21 21 21 20 19 19 18 23 22 22 20 21 20 21 21 20 20 20 22 22 22 21 21 21 22 22 22 22 21 20 20 19 20 19 21 20 21 20 21 21 22 22 22 20 22 21 20 21 19 20 20 20 20 19 19 20 20 21 20 20 20 20 19 19 20 20 20 19 20 19 21 20 20 20 19 19 20 19 20 20 19 21 20 19 20 21 24 
19 19 19 19 21 21 21 20 21 20 21 20 20 19 20 18 19 19 21 20 20 18 20 20 20 18 18 20 20 20 18 20 20 22 20 19 19 20 19 19 18 19 20 20 20 20 19 18 19 19 19 19 19 19 19 19 19 20 18 20 19 19 18 18 19 20 21 21 19 19 18 18 20 19 20 19 20 18 18 20 21 21 20 20 20 20 20 19 21 21 21 21 19 20 18 19 21 21 22 19 19 
20 19 20 19 19 18 19 20 20 19 20 20 20 21 20 20 20 19 20 19 20 20 20 19 18 18 19 20 19 20 20 21 21 20 19 20 20 20 20 20 19 19 19 18 19 18 20 19 20 20 20 20 18 18 18 22 21 21 19 19 19 20 21 21 21 20 20 19 20 19 18 19 20 19 18 19 21 20 20 19 19 20 20 18 18 18 21 20 20 19 20 20 19 18 20 19 21 20 20 19 18 
20 19 19 19 21 21 20 20 20 20 21 20 22 21 21 22 20 21 18 21 21 21 20 20 21 21 21 21 20 21 20 20 20 21 22 20 20 18 21 20 20 19 20 22 21 21 19 19 18 20 20 20 20 19 18 19 20 22 21 21 20 20 21 19 19 19 20 20 21 20 19 20 20 20 20 19 20 18 20 19 18 20 19 21 21 20 20 18 20 20 20 19 18 18 20 20 20 18 19 19 21 
21 21 20 19 20 19 20 19 20 20 19 19 20 20 20 19 20 20 21 20 20 18 19 18 20 20 20 21 20 20 20 21 20 22 19 19 20 20 21 20 20 21 20 20 19 19 20 20 21 20 19 18 20 20 21 19 18 20 20 22 20 21 20 20 20 19 20 21 21 19 19 19 22 20 20 19 17 19 18 20 20 19 20 20 19 19 20 20 20 20 21 19 20 20 19 20 19 21 20 18 19 
20 21 19 19 19 19 21 21 20 19 18 19 19 20 20 22 20 21 19 20 21 21 21 19 20 20 22 21 21 20 20 21 20 22 21 22 21 19 20 19 21 20 20 18 19 19 20 20 19 21 20 20 20 20 19 20 20 21 21 20 20 20 20 19 20 21 21 21 19 20 19 20 19 17 20 19 22 19 20 19 19 20 20 21 20 20 21 20 20 21 21 20 21 20 20 21 20 20 20 20 19 
20 20 21 20 22 21 21 20 20 21 20 20 18 20 20 21 20 20 19 20 19 20 19 18 19 20 22 21 21 20 20 19 19 19 19 20 19 20 21 20 20 20 22 21 21 20 20 20 19 20 20 20 20 20 20 19 20 19 20 20 19 19 18 20 21 22 21 21 19 21 21 20 20 19 20 19 18 20 19 20 19 21 19 20 20 18 19 18 21 20 19 19 20 21 20 19 19 20 19 20 20 
20 21 20 20 19 21 21 19 20 20 20 19 18 21 20 22 21 20 20 20 19 21 21 20 20 19 21 21 21 20 20 21 21 21 20 21 20 21 20 20 20 20 21 20 20 20 19 20 20 20 19 18 18 19 20 20 20 20 19 20 19 20 19 19 19 19 20 21 20 20 21 20 20 20 20 19 19 21 21 20 20 20 20 21 20 20 19 20 19 20 19 19 19 19 20 20 20 21 21 22 21 
20 21 21 22 19 20 19 21 21 20 19 19 20 20 19 18 18 18 20 20 20 20 20 19 21 20 21 21 20 20 19 19 19 19 20 20 20 19 21 20 20 20 20 21 20 18 17 18 18 19 19 18 20 20 20 19 19 19 20 20 20 20 20 20 20 19 19 20 20 19 20 19 21 20 19 20 21 21 21 18 19 19 19 20 18 18 20 20 20 20 18 18 20 20 20 19 18 18 18 20 19 
20 19 20 20 19 21 20 21 19 19 21 20 20 19 18 18 19 20 18 20 20 21 22 21 20 19 18 19 20 19 21 20 21 20 19 19 19 20 19 20 20 19 18 17 19 19 21 20 19 20 20 20 20 20 20 20 20 20 19 20 19 20 20 19 20 19 20 19 20 20 19 19 19 20 19 19 19 20 21 20 19 18 18 18 20 20 20 20 19 19 19 21 19 20 21 22 22 20 18 19 20 
19 18 20 20 20 20 20 20 20 20 19 19 19 18 19 17 20 21 20 19 17 19 20 19 20 19 20 20 20 20 20 20 19 20 20 21 21 20 20 20 20 19 19 20 21 20 19 19 19 20 20 20 20 20 19 20 20 18 19 18 18 20 19 20 21 19 18 19 20 21 20 20 21 21 21 19 18 18 20 21 20 20 18 20 19 20 21 20 18 17 18 20 21 20 20 19 20 20 20 18 19 
20 19 19 19 19 20 18 18 18 18 20 20 20 18 19 20 20 21 20 20 20 20 20 20 21 21 20 20 20 20 18 17 17 19 20 19 20 19 21 20 20 20 20 21 20 19 18 19 20 20 21 19 20 20 19 18 17 20 20 20 20 20 21 21 20 20 20 20 20 21 20 21 21 20 19 19 19 20 18 18 19 20 21 21 20 19 19 19 20 21 20 20 18 18 20 20 20 18 18 18 20 
20 20 19 18 18 20 20 20 19 20 18 18 19 18 20 17 19 19 19 19 19 20 20 19 20 20 21 21 23 20 19 19 19 20 20 20 19 20 20 21 21 21 20 19 19 19 19 21 20 20 20 20 20 20 20 19 19 18 20 20 20 20 18 19 18 19 18 19 20 20 21 19 20 20 20 19 18 17 18 19 20 20 19 18 17 16 19 20 19 19 18 19 19 19 18 17 19 19 19 19 19 
22 21 21 19 20 21 21 20 20 20 19 20 20 21 21 20 21 20 20 19 20 20 21 22 20 21 20 21 22 20 20 19 21 22 21 20 19 21 21 24 21 21 20 19 20 20 20 20 21 20 21 20 21 20 19 20 18 20 19 18 20 19 19 19 20 21 20 19 20 20 20 21 18 20 20 22 21 21 20 19 20 20 21 19 19 18 20 20 20 20 20 20 20 20 19 19 21 20 20 19 19 
20 19 19 18 20 20 19 19 18 20 20 19 19 18 18 20 18 19 18 20 20 20 20 19 21 20 20 20 20 20 20 18 20 20 20 20 20 20 19 20 20 20 20 20 20 19 20 18 20 20 20 18 18 17 18 19 19 19 18 18 21 20 21 20 20 20 19 19 19 19 19 20 20 18 19 19 20 20 20 20 20 19 20 20 20 20 20 21 20 21 20 18 19 18 20 20 20 20 20 19 20 
19 19 20 20 20 18 18 20 20 21 19 20 20 20 19 18 20 19 19 19 19 18 19 19 20 21 18 19 18 18 19 19 20 21 20 19 18 18 19 19 18 20 19 20 20 20 20 19 18 18 19 20 20 20 19 20 20 20 20 19 18 19 18 19 18 18 19 18 19 20 20 18 19 20 20 20 20 19 19 20 20 19 20 20 21 19 20 19 18 19 19 20 20 19 19 18 20 19 19 20 20 
19 19 20 20 20 21 20 19 18 20 20 20 20 21 21 20 18 18 20 20 20 20 20 20 19 20 18 20 20 22 21 20 20 19 20 19 20 20 20 20 19 19 20 20 20 20 18 19 18 19 20 20 19 20 20 20 20 20 20 20 19 19 19 20 21 20 21 19 19 20 19 21 19 20 20 20 20 19 18 18 20 20 20 19 18 20 20 20 18 19 20 21 20 20 18 18 18 18 19 20 20 
18 21 20 20 19 19 18 18 19 20 22 20 20 19 20 20 19 20 20 20 21 19 20 19 20 20 19 20 20 21 21 20 20 18 18 18 20 21 22 21 20 20 20 21 21 20 17 19 19 21 19 18 18 18 21 19 18 18 19 20 19 20 18 20 18 18 18 18 20 20 20 19 20 18 19 18 20 19 19 19 19 20 18 18 19 19 19 17 19 19 21 20 18 18 19 20 21 20 22 21 20 
19 18 20 21 20 20 19 20 20 20 20 19 20 20 19 20 20 21 20 18 18 20 20 21 19 19 20 20 21 21 21 20 19 18 19 17 19 20 21 21 20 21 20 20 20 20 21 22 20 21 20 20 20 20 19 20 21 21 21 20 19 20 20 21 21 20 20 19 18 19 20 20 21 20 19 18 20 20 21 21 20 20 19 18 19 19 20 19 18 18 19 21 21 19 18 20 20 20 19 20 21 
20 20 19 19 20 20 22 21 22 19 19 20 21 21 21 20 20 20 19 20 20 21 20 20 21 21 20 20 18 19 19 20 20 19 19 19 18 18 20 21 21 20 20 20 19 20 19 19 20 19 20 21 19 21 19 19 19 18 20 20 20 20 19 19 20 20 20 19 19 19 19 19 19 18 18 19 20 20 19 19 19 21 20 19 18 17 18 18 19 20 18 19 19 20 21 22 20 18 18 18 21 
17 18 18 18 20 20 19 17 17 18 19 18 19 19 20 20 19 20 20 20 20 19 20 17 19 19 18 20 19 19 19 19 19 20 18 19 19 18 19 20 19 21 19 20 18 17 18 20 21 19 18 18 20 21 20 20 21 20 19 19 19 19 19 19 19 19 19 20 21 20 20 18 18 19 19 19 17 18 18 19 19 18 20 19 20 19 20 19 20 20 20 21 20 20 19 20 18 19 19 19 19 
21 20 19 19 20 20 21 19 20 18 20 22 21 21 21 18 19 18 19 21 20 21 20 20 21 20 21 20 21 21 20 21 21 21 21 20 21 21 20 20 17 19 20 20 21 18 19 19 20 20 19 18 19 20 22 20 19 18 20 20 20 20 19 20 18 19 20 20 20 21 20 18 18 18 18 21 20 21 19 19 20 20 20 19 20 20 21 20 19 19 19 21 21 20 19 19 19 22 22 21 21 
20 19 19 19 21 19 20 20 20 19 19 19 19 19 19 18 20 19 19 19 19 19 21 20 21 20 19 19 18 18 20 19 19 19 19 20 20 20 20 18 19 18 20 19 20 20 19 18 19 20 20 21 20 20 20 20 20 19 18 19 20 20 19 18 19 21 20 21 19 20 20 20 20 19 19 18 18 18 18 19 19 21 19 19 19 20 20 18 17 17 18 19 19 18 19 18 20 19 19 19 18 
20 21 20 20 20 20 20 18 18 19 21 21 21 20 20 20 20 19 19 20 20 20 20 18 19 18 18 19 19 21 22 21 19 20 20 21 20 20 19 20 20 20 20 18 20 19 19 20 20 21 21 19 18 20 20 21 20 21 20 19 20 19 20 20 19 20 19 19 20 20 19 19 18 19 20 20 20 20 21 20 21 19 18 19 19 21 19 18 20 18 21 19 19 20 20 21 20 20 20 20 20 
21 22 21 19 20 19 20 19 19 18 18 19 19 18 20 21 22 22 20 20 20 20 20 18 19 19 22 21 20 20 19 20 19 20 21 21 20 19 20 19 19 19 19 20 20 19 19 20 19 19 19 20 19 19 17 19 20 19 20 19 19 18 19 20 20 20 20 20 20 20 19 20 20 18 20 20 20 20 20 19 18 19 18 20 20 20 20 20 20 19 18 19 19 19 19 19 20 19 17 18 18 
20 20 20 21 20 20 18 17 18 18 20 18 18 18 18 19 20 18 20 20 20 20 19 19 19 19 19 18 19 18 19 18 19 19 20 20 20 19 20 19 21 21 20 20 18 18 18 18 18 18 18 18 20 20 19 20 18 19 18 19 19 20 19 18 19 18 21 20 21 19 18 19 19 18 20 20 20 20 18 17 20 20 21 18 19 20 19 19 18 18 19 20 19 18 20 20 20 18 18 20 20 
20 21 20 19 20 19 20 19 19 17 19 19 21 20 20 20 20 21 19 19 19 20 21 19 20 18 20 19 20 19 19 20 20 20 20 20 20 20 19 18 18 18 19 20 20 21 21 21 21 20 20 20 19 18 21 21 21 20 18 20 19 19 19 19 20 20 21 22 21 20 19 17 19 20 21 19 20 20 20 18 18 18 18 18 19 21 20 20 18 18 20 18 18 17 18 20 19 21 21 18 19 
19 19 19 18 19 20 19 20 19 18 20 20 20 19 19 18 20 20 20 19 20 20 21 19 21 21 22 21 19 19 19 18 19 19 20 20 19 19 18 19 19 18 19 18 19 19 18 18 20 20 21 18 20 18 19 18 18 22 20 20 18 17 19 19 20 18 19 19 20 20 18 18 18 18 19 19 18 19 19 20 20 18 18 18 17 19 18 18 19 20 20 19 19 19 20 21 18 18 18 19 20 
20 22 21 20 18 19 19 18 18 17 19 19 20 20 19 18 19 19 20 19 20 19 20 19 20 19 18 18 19 19 20 19 20 20 19 18 19 20 20 19 20 19 19 18 20 20 19 20 19 19 19 18 19 20 18 20 18 18 18 19 20 19 19 18 20 20 20 21 19 18 18 19 20 20 19 19 19 19 18 18 17 18 18 19 19 20 19 19 17 19 18 19 19 20 20 20 18 18 19 20 19 
20 17 20 20 20 20 19 19 19 20 20 20 20 19 19 19 19 19 19 19 19 20 20 20 18 19 20 20 20 20 19 20 21 21 21 18 20 20 22 22 20 19 17 18 19 20 20 20 19 18 20 19 22 21 20 21 20 23 21 20 19 20 20 20 20 19 20 20 19 20 19 21 22 21 20 19 18 21 19 19 18 18 20 19 20 18 19 19 19 19 18 19 19 19 20 20 21 20 19 18 19 
19 19 20 21 19 20 18 18 18 18 20 19 20 18 19 18 19 20 20 20 19 19 19 19 19 18 19 20 22 21 20 17 18 18 19 19 20 18 18 20 20 20 18 18 19 20 20 19 18 18 18 19 19 21 20 19 18 18 19 20 20 19 19 17 19 17 19 19 18 19 18 20 18 18 19 20 20 18 19 18 21 20 20 18 18 18 20 20 18 20 20 21 21 18 18 18 21 19 19 17 17 
19 20 20 19 20 19 19 20 19 20 19 20 18 20 18 19 19 19 20 19 19 19 20 21 21 21 19 19 19 19 18 17 18 19 21 21 20 18 18 19 18 18 18 19 19 20 18 19 20 20 21 20 21 22 21 20 20 21 21 21 20 18 18 20 20 20 19 19 19 19 20 18 20 20 20 18 18 20 20 21 20 18 18 19 19 19 18 19 20 20 20 18 19 20 19 20 16 18 18 19 20 
19 20 20 21 20 19 18 18 20 20 20 19 19 21 21 20 20 19 18 19 20 20 20 21 21 20 22 21 21 20 21 22 20 20 19 18 20 20 21 20 20 20 21 20 20 20 19 19 20 19 20 19 20 20 19 20 19 21 20 20 20 19 20 19 19 20 20 21 21 21 20 19 18 19 18 20 19 21 22 20 21 20 19 18 19 19 20 20 20 21 20 20 19 18 20 20 20 20 21 18 19 
19 19 18 21 21 21 21 19 19 18 20 21 20 20 18 18 20 20 20 20 19 17 19 18 19 19 19 18 19 20 20 21 20 21 21 21 21 19 20 19 18 19 20 21 21 20 18 20 20 20 19 18 19 19 19 19 19 18 18 19 19 20 18 18 20 19 20 20 20 19 20 19 20 21 22 20 20 18 18 18 19 20 20 20 19 20 20 18 17 18 20 20 20 19 20 20 20 19 19 19 19 
19 20 19 20 20 19 20 18 20 20 19 20 18 20 19 19 18 17 18 18 19 18 18 19 19 20 19 18 19 20 19 19 18 18 18 19 20 18 19 20 20 19 19 18 19 18 20 19 18 18 18 18 18 19 20 20 20 21 21 21 18 20 20 21 21 19 19 18 19 18 19 19 18 19 19 18 20 19 18 18 17 18 18 19 19 18 18 17 17 18 19 20 20 20 19 19 17 18 19 20 20 
20 20 19 18 18 19 19 18 18 18 20 21 18 18 18 20 19 18 19 19 19 19 19 19 20 19 19 20 18 20 18 18 19 20 20 19 19 20 19 19 19 18 20 18 18 20 20 20 19 18 18 19 20 22 20 21 20 19 20 21 21 20 19 19 20 21 20 20 18 18 19 20 20 20 19 18 18 18 18 20 18 19 20 19 20 18 18 18 18 19 20 18 18 18 19 19 19 18 18 18 18 
20 20 20 18 18 19 20 20 19 19 19 19 20 19 19 18 20 20 20 19 18 19 18 19 18 19 20 20 20 20 20 20 19 19 18 19 20 20 19 20 19 20 18 20 20 20 19 19 19 19 18 20 19 19 19 20 20 19 18 19 20 20 20 19 20 21 20 19 20 19 21 18 19 18 20 19 19 19 19 20 18 19 20 20 21 19 19 19 20 20 20 18 19 20 18 18 18 20 21 20 18 
20 19 21 21 20 19 17 18 20 20 19 18 19 20 20 20 19 20 19 20 20 19 18 18 20 19 19 19 18 20 20 19 20 20 19 19 20 21 20 20 19 19 20 20 20 19 18 18 19 20 20 20 19 20 20 20 20 20 21 20 20 20 19 20 18 19 19 19 19 19 19 19 21 20 21 18 18 20 19 20 19 20 20 19 18 19 20 20 20 19 21 19 20 18 20 22 21 20 19 18 19 
20 18 18 18 20 20 20 19 19 20 20 21 21 20 21 20 21 20 19 19 20 20 20 18 19 18 18 19 18 20 19 19 16 18 18 20 20 19 20 20 21 20 20 19 21 21 20 20 18 20 19 20 20 20 20 19 20 20 21 22 21 20 18 19 19 20 19 18 16 19 19 20 20 18 19 18 18 20 19 21 20 21 20 20 21 20 20 19 19 20 21 20 19 19 20 21 19 20 20 21 20 
19 18 19 18 20 20 20 20 18 19 20 20 20 20 20 21 18 19 19 20 20 19 20 20 20 19 18 19 20 19 20 20 20 21 20 20 19 20 19 19 19 21 20 20 19 18 21 20 20 20 19 21 18 20 19 20 20 19 21 21 20 20 19 20 19 18 18 20 21 21 20 18 18 19 20 20 20 22 22 22 20 18 18 19 19 20 20 21 20 19 19 20 21 19 18 18 20 20 20 20 19 
20 20 20 20 19 19 19 19 20 19 21 21 21 19 17 18 18 19 18 19 21 21 21 19 20 19 21 21 21 19 19 21 20 21 20 21 21 20 21 21 20 18 18 18 19 20 20 19 20 18 20 19 20 20 19 19 20 20 18 18 18 20 20 18 18 19 21 21 20 19 19 19 20 18 19 19 18 20 20 19 19 18 19 18 18 20 21 20 19 18 18 18 19 18 18 20 18 19 18 18 19 
20 19 19 21 20 22 20 21 20 18 18 19 18 19 19 20 20 20 19 18 20 18 19 19 20 19 20 19 21 20 22 22 19 20 18 20 20 19 20 20 20 20 19 20 20 20 21 20 19 19 20 20 20 20 20 19 19 18 20 20 19 19 18 17 19 18 21 20 18 20 19 21 21 20 21 21 21 21 22 22 19 19 20 21 21 20 20 20 19 20 19 20 20 19 21 20 20 21 19 20 20 
20 21 20 20 20 19 19 20 20 21 18 19 19 22 22 22 21 21 19 20 19 20 19 20 19 19 18 18 18 20 20 20 19 18 18 20 20 20 19 19 20 21 20 20 19 18 18 19 20 20 20 19 18 19 20 19 20 20 19 19 20 20 20 20 19 17 17 18 18 19 19 19 22 21 20 21 19 20 20 20 20 21 20 18 17 18 18 20 20 21 20 20 20 20 19 18 18 19 20 19 17 
19 18 19 18 20 20 18 19 19 17 19 18 19 20 21 19 19 17 18 19 20 20 19 19 19 18 19 18 18 19 18 19 20 18 19 19 20 20 19 18 17 19 19 19 19 20 20 19 19 20 20 19 20 19 19 19 18 19 19 20 20 19 18 18 20 21 22 19 17 18 20 21 21 20 20 21 22 21 20 19 20 20 20 19 20 18 18 20 19 21 20 21 20 19 21 20 21 20 21 18 18 
20 20 20 20 20 20 19 20 20 20 20 19 20 20 20 20 19 20 20 20 20 18 19 20 19 18 18 19 21 18 17 17 19 21 21 20 19 20 19 20 18 19 20 19 20 20 20 22 20 19 18 19 20 21 20 21 20 18 21 20 19 20 18 18 18 17 19 19 20 18 19 20 20 20 18 19 19 20 19 19 20 20 19 20 19 20 19 21 20 20 20 20 21 20 19 18 19 20 20 19 18 
20 20 19 19 19 20 20 20 20 20 20 20 21 18 19 19 20 20 19 19 20 20 19 20 19 21 21 21 20 20 20 19 20 20 18 19 19 20 20 20 18 18 18 19 19 18 19 18 20 21 21 21 19 18 19 20 20 19 19 21 18 20 18 20 21 19 19 19 19 19 20 20 19 18 17 19 19 20 19 19 19 19 19 18 19 20 21 20 19 18 18 18 19 20 19 18 19 19 19 18 19 
20 19 20 20 20 21 20 18 19 21 20 22 19 18 19 20 20 19 20 19 19 21 20 22 21 22 20 20 20 20 21 21 22 23 21 20 20 19 20 20 20 19 20 19 20 20 21 20 20 20 21 20 19 19 20 20 21 22 20 21 20 20 21 20 20 17 20 20 20 20 18 19 19 20 20 19 19 18 19 19 20 19 20 20 20 19 19 19 22 22 20 19 18 18 20 20 20 20 19 17 20 
19 20 19 19 20 19 20 18 18 19 19 19 19 19 18 18 20 21 21 19 18 20 20 20 20 19 20 20 19 20 18 20 19 19 21 19 20 19 19 19 19 20 20 20 19 19 19 19 18 20 19 21 19 19 18 18 19 21 21 21 20 20 20 20 21 20 19 18 20 21 20 20 19 17 19 20 20 19 19 20 20 20 20 20 20 20 19 18 18 18 20 18 18 16 18 20 18 19 19 19 20 
20 19 20 19 18 20 20 20 20 20 20 21 21 21 22 21 20 20 20 21 20 20 20 20 21 20 21 20 19 18 20 19 19 20 18 19 19 19 19 19 20 20 21 21 20 20 19 20 21 20 21 19 20 20 19 20 19 20 19 18 20 19 19 17 19 20 21 22 20 20 18 19 19 20 19 20 20 19 19 18 19 20 19 20 20 20 20 18 19 19 21 20 20 19 20 19 20 19 20 17 19 
18 19 21 20 20 21 21 20 19 19 19 21 20 20 19 20 20 20 19 19 20 20 19 19 20 21 19 21 20 20 18 18 19 18 19 18 19 18 18 18 20 20 20 19 20 20 20 20 20 21 19 18 19 19 21 20 20 17 19 20 22 22 20 21 21 21 20 19 18 19 20 19 20 20 19 19 20 20 21 20 19 18 18 20 20 21 19 17 18 19 19 18 19 20 20 20 19 20 20 21 21 
18 19 18 18 18 20 20 20 20 19 19 18 19 17 19 19 19 21 19 19 18 19 19 19 18 17 15 18 18 18 18 17 19 18 18 18 19 19 19 20 20 20 19 18 18 19 19 18 17 17 18 17 17 17 17 17 17 17 18 19 19 18 17 19 19 18 20 18 19 19 19 20 18 18 17 18 19 18 17 18 20 20 19 17 17 16 18 19 19 19 19 19 19 21 20 19 18 18 18 19 19 
19 20 20 19 18 19 21 20 21 19 19 20 22 23 20 19 20 20 21 19 19 20 20 20 20 20 20 19 18 19 20 20 20 20 20 21 21 20 19 18 18 18 19 18 19 20 20 20 20 18 19 17 20 20 20 20 19 20 20 19 20 18 19 19 19 22 18 20 20 19 20 18 20 21 20 20 17 19 19 20 20 20 20 19 19 18 19 18 20 19 20 20 20 20 18 19 19 20 20 19 19 
21 21 19 19 20 20 20 20 19 19 18 19 19 20 19 20 20 21 21 21 20 20 20 21 22 21 20 20 19 18 18 18 21 20 19 19 20 20 20 20 20 22 21 20 19 20 20 20 20 19 20 20 20 20 19 20 19 20 20 20 22 21 21 18 19 19 21 21 19 19 18 20 21 21 20 20 19 18 19 21 20 21 19 20 20 20 21 19 18 19 20 21 20 21 20 20 19 20 20 19 18 
20 19 20 21 20 20 20 20 22 21 20 20 18 20 20 21 21 19 19 20 21 20 21 19 20 20 19 21 20 22 21 20 20 20 20 20 21 20 20 19 20 20 20 20 20 19 20 20 19 20 20 20 20 20 18 19 20 19 20 19 20 20 20 20 20 21 21 20 19 20 20 20 20 19 20 20 20 21 21 20 19 20 21 21 20 18 19 19 21 19 19 18 19 20 20 21 20 22 20 20 20 
19 19 21 19 20 19 21 20 20 18 18 20 19 20 19 19 20 20 20 19 19 20 21 20 20 19 20 19 18 17 17 18 18 19 19 20 20 20 19 20 21 20 20 19 18 20 20 19 18 20 20 21 20 18 18 18 19 19 19 19 19 19 20 19 19 20 19 19 17 16 18 18 20 18 18 18 19 20 20 19 19 19 19 18 18 19 20 19 18 18 18 18 19 19 19 18 19 19 19 19 20 
18 21 20 20 20 19 18 18 19 19 19 19 20 20 20 18 19 21 21 21 20 20 20 18 18 18 20 20 18 20 19 21 19 19 19 20 20 19 19 19 20 20 20 20 20 20 20 20 20 20 20 20 21 20 18 18 18 20 20 19 20 19 21 20 20 20 19 20 20 20 20 20 20 19 18 19 19 18 18 18 20 20 18 19 18 19 18 19 19 20 19 19 18 18 19 20 20 19 19 20 19 
20 19 18 19 20 21 21 18 19 18 21 20 19 19 19 20 20 20 19 19 19 20 20 20 20 19 21 20 20 19 19 19 17 19 18 19 19 16 19 18 20 21 20 19 19 18 20 20 20 19 18 20 20 20 21 20 20 20 20 20 20 20 20 19 20 20 20 20 18 17 18 20 20 18 18 18 19 19 19 20 18 19 18 19 20 19 18 19 19 18 19 19 19 17 18 19 20 19 18 18 18 
19 20 20 20 20 19 19 21 20 21 20 20 20 20 19 21 20 20 19 19 19 18 18 19 20 18 19 18 20 20 21 20 18 19 20 20 20 18 18 19 21 21 21 20 20 20 21 22 21 20 20 20 20 20 18 20 20 20 19 18 20 21 21 20 18 18 19 20 20 19 20 19 20 20 20 20 19 20 20 18 18 19 20 20 19 18 19 20 20 20 19 20 19 19 20 20 20 20 19 20 21 
20 21 19 18 17 18 18 19 18 18 19 20 20 19 19 19 18 19 19 19 18 18 18 18 20 19 20 19 18 20 20 21 20 20 21 21 20 20 18 17 19 20 20 20 20 20 21 21 19 20 21 21 21 20 18 19 20 20 22 21 21 20 19 20 19 20 20 20 20 21 19 20 19 20 20 19 20 20 20 20 19 20 20 19 19 19 20 20 19 19 20 18 18 19 20 20 19 18 19 20 20 
21 18 20 20 21 20 18 19 19 20 20 20 20 19 18 20 20 21 19 20 18 18 18 18 20 20 20 20 20 19 19 18 20 19 21 21 19 20 18 19 20 19 18 18 19 20 21 19 20 20 20 21 20 20 19 20 20 20 20 19 18 18 19 19 20 19 19 19 18 19 18 19 20 20 20 18 20 19 21 19 19 18 18 18 18 20 19 18 18 20 21 20 19 19 18 19 19 18 18 18 19 
20 19 19 19 18 19 19 20 20 19 19 19 20 21 21 20 21 20 20 20 19 20 19 19 20 19 19 19 19 19 19 19 21 20 19 19 21 22 20 19 19 20 20 20 20 20 19 19 19 18 19 20 20 20 17 18 19 21 21 19 19 18 18 18 19 19 19 20 20 19 18 17 18 18 19 18 18 18 18 17 16 17 19 18 20 18 18 18 18 19 19 20 20 20 19 18 17 18 17 18 18 
18 18 18 18 20 20 20 21 19 20 19 20 20 19 20 21 22 22 20 20 20 21 21 20 20 19 20 21 20 19 18 18 20 20 20 20 18 18 20 21 23 21 19 20 19 20 20 19 19 20 20 21 19 18 18 18 19 20 20 20 18 19 20 22 22 21 19 19 20 19 20 20 21 21 18 19 19 20 20 19 20 21 21 20 18 17 19 21 21 20 19 19 19 18 18 20 20 20 20 17 18 
20 18 18 20 21 21 19 21 20 20 20 20 20 21 20 20 19 19 20 19 20 18 18 19 20 20 20 20 21 19 20 19 18 20 20 23 21 19 19 20 19 21 20 20 19 18 22 21 23 20 19 19 18 20 20 21 20 19 18 19 20 19 20 19 20 21 21 20 18 18 17 19 20 19 19 20 20 20 20 17 18 19 21 21 20 20 19 20 21 21 20 17 18 18 21 21 20 20 19 20 19 
19 20 21 21 18 18 17 21 21 21 19 20 20 19 20 19 19 19 19 20 20 18 16 17 19 21 21 19 19 19 19 20 20 19 19 19 19 19 18 19 17 18 19 20 20 17 18 17 18 19 18 20 18 18 19 19 19 17 19 20 20 21 19 19 17 17 18 18 20 20 20 19 18 18 19 20 20 21 20 21 20 20 20 20 20 20 19 19 20 20 20 20 20 20 20 20 21 21 21 20 20 
18 19 20 21 20 21 20 19 19 19 19 19 20 20 20 19 19 19 19 19 19 20 21 22 21 20 19 20 21 20 20 19 19 20 19 20 20 21 20 19 20 20 20 18 19 20 21 19 20 19 21 21 21 21 20 20 19 19 20 20 20 19 20 19 19 20 21 22 22 20 20 19 20 21 20 19 20 19 21 20 19 18 20 20 20 18 18 20 19 18 18 19 20 19 19 19 19 19 19 18 20 
20 20 20 19 19 17 18 20 21 22 20 20 20 21 20 20 19 20 20 21 21 20 20 19 21 20 20 20 19 18 19 20 20 20 20 19 20 20 20 19 18 21 20 20 20 19 19 20 19 21 20 21 21 20 20 19 20 19 19 19 18 18 18 21 21 21 19 20 22 21 20 18 20 21 20 20 19 21 20 20 19 20 21 19 20 18 20 20 19 20 20 20 20 20 18 19 19 20 20 20 20 
19 20 20 20 19 19 18 18 19 21 21 21 19 20 20 20 20 19 19 18 19 20 19 18 18 19 19 20 19 19 19 18 18 18 19 20 20 19 19 18 19 20 19 18 18 18 20 20 22 21 21 17 18 18 18 19 20 21 20 20 19 21 20 20 20 20 21 20 18 18 19 18 20 21 22 22 20 21 21 19 19 18 19 21 21 20 20 18 19 20 19 18 18 20 20 19 18 18 20 20 19 
20 19 19 20 20 20 19 21 20 21 19 19 20 20 21 19 20 20 21 21 21 21 22 21 21 20 20 19 19 20 20 20 18 19 19 20 20 19 20 19 20 19 19 20 19 20 19 20 20 18 19 19 18 19 19 19 20 20 20 20 21 21 20 20 20 20 20 19 19 19 20 19 20 20 21 20 20 19 18 18 18 19 20 20 20 17 20 20 21 20 20 20 20 19 20 20 21 21 18 18 18 
18 18 19 19 20 20 20 21 20 20 18 20 19 21 20 20 21 21 20 20 19 19 20 19 20 20 20 19 20 20 21 20 20 20 20 20 21 20 21 19 17 19 20 22 22 21 20 19 18 20 20 20 20 20 20 21 20 20 20 20 19 18 19 20 20 21 19 20 20 20 20 19 20 20 20 21 19 20 19 20 20 19 18 18 19 20 20 20 20 21 21 20 19 20 21 21 20 20 19 20 20 
19 20 20 20 19 18 19 19 20 20 20 21 21 20 20 19 19 20 20 20 20 20 19 19 18 20 20 20 18 17 18 19 19 19 19 19 19 20 18 18 18 20 22 20 20 18 18 19 20 21 20 19 18 19 21 21 21 19 19 18 20 19 18 19 19 20 19 19 19 19 19 20 20 20 20 19 20 17 18 16 18 18 20 19 18 18 18 19 18 19 19 19 20 21 19 19 17 19 18 18 20 
20 20 20 19 20 20 19 20 20 21 20 20 19 20 20 19 19 20 20 20 20 19 20 20 20 20 20 21 19 18 19 21 20 20 19 19 19 19 19 20 21 20 21 20 21 20 19 18 18 20 20 20 19 19 20 20 20 19 20 20 20 21 21 20 20 20 21 21 19 19 18 19 20 20 21 20 20 20 19 20 20 20 20 20 19 20 20 19 20 19 20 20 21 22 21 21 20 20 20 19 20 
20 20 20 19 20 18 18 19 19 20 21 21 20 19 19 21 20 20 18 20 20 19 21 20 20 18 19 18 20 18 18 18 20 22 21 20 20 20 20 20 18 19 19 18 20 19 19 18 18 18 18 18 20 20 19 19 18 19 18 19 19 19 20 18 19 19 20 20 17 20 19 19 19 19 19 19 20 19 19 18 20 20 20 18 16 16 18 20 19 19 19 20 20 19 19 19 20 20 19 20 18 
19 20 20 21 20 19 19 20 20 20 19 20 20 20 18 18 19 20 21 20 20 20 19 20 20 20 20 20 21 19 19 18 20 19 19 19 19 19 19 20 18 19 19 19 21 20 19 19 19 21 20 19 19 19 20 19 18 20 19 19 17 18 20 20 19 18 18 20 19 19 19 19 20 19 19 19 20 20 20 18 18 19 20 19 18 19 21 20 19 18 17 19 20 19 20 20 18 18 18 19 20 
19 20 18 19 19 19 19 18 19 17 19 18 18 18 20 21 20 19 19 20 19 19 19 19 21 20 19 18 18 18 20 19 20 19 20 20 20 19 20 19 19 18 18 20 21 20 19 19 19 20 19 20 19 20 18 19 18 18 19 20 21 20 18 19 18 18 20 19 21 19 20 20 20 20 20 19 21 20 20 16 18 19 20 20 18 19 20 20 20 19 18 18 18 19 20 20 20 18 16 18 18 
20 19 19 21 20 21 19 19 20 20 21 20 19 19 19 18 21 21 20 20 18 22 21 21 20 19 20 20 19 20 19 20 20 20 20 20 20 22 20 20 21 21 22 21 21 20 20 20 19 20 20 20 21 21 20 20 21 22 20 19 18 20 20 21 19 18 19 20 20 20 19 20 21 20 21 21 20 21 20 21 22 21 20 18 19 21 19 18 18 18 20 17 18 18 19 19 19 21 20 20 18 
19 21 19 20 20 19 20 18 18 18 19 19 19 18 18 20 20 21 21 20 18 18 17 17 18 20 21 19 19 18 20 21 20 18 18 20 19 20 20 20 19 19 19 18 19 20 20 20 18 21 20 21 20 20 18 18 18 18 18 18 19 20 20 19 20 20 21 21 20 20 19 19 19 19 18 19 19 19 20 18 20 20 19 20 18 20 19 21 18 20 19 19 19 18 18 18 19 19 19 19 20 
18 19 19 20 19 20 20 21 20 19 20 19 20 20 19 21 19 18 19 18 19 20 20 21 20 20 20 19 20 18 19 19 20 21 20 21 20 20 20 19 18 18 18 19 20 21 20 19 19 19 20 19 18 20 20 20 20 20 20 20 20 20 20 20 18 18 18 19 19 20 20 19 18 18 19 20 21 19 21 19 21 19 18 20 18 21 19 19 20 18 19 19 21 20 20 19 20 20 19 19 20 
18 19 20 19 20 20 20 19 19 20 20 19 20 20 20 19 20 20 18 19 18 20 19 18 18 18 19 20 19 20 19 18 19 19 19 18 19 20 19 19 19 20 20 18 19 20 19 19 19 18 19 19 20 21 20 19 18 18 19 20 20 21 20 20 20 19 18 19 20 20 20 19 18 18 18 20 20 18 20 20 20 19 18 19 19 19 19 19 18 20 20 18 19 17 18 20 21 21 20 19 19 
19 21 20 20 20 21 20 20 21 20 20 19 18 19 19 20 19 19 20 20 20 20 19 20 20 20 20 19 20 17 19 18 19 21 21 19 19 18 21 20 19 19 19 21 21 20 21 21 21 21 20 20 19 20 20 19 19 18 21 20 20 20 19 19 18 19 19 20 19 20 20 19 20 20 21 20 19 20 21 20 20 20 21 20 20 20 20 19 18 19 21 21 19 16 18 19 19 20 19 19 18 
20 20 21 20 20 19 18 18 19 21 21 22 19 20 19 20 20 20 20 20 19 19 19 18 19 19 20 20 21 20 20 20 19 20 19 19 19 19 20 19 20 19 20 19 19 20 19 18 19 20 21 20 18 19 19 20 19 19 19 20 18 18 18 20 20 20 19 19 18 18 18 19 19 19 19 20 20 20 19 18 20 18 19 18 20 20 21 22 20 21 20 20 20 20 20 18 18 19 20 21 19 
21 19 20 20 19 21 20 21 20 19 19 19 21 19 20 18 19 19 19 19 20 18 19 18 20 20 19 20 20 21 20 20 19 19 18 20 20 20 18 19 20 20 20 19 21 19 19 19 20 21 21 20 21 21 21 20 21 20 20 19 19 18 18 19 20 19 17 17 18 18 19 18 20 19 18 18 19 19 19 17 19 19 19 18 18 18 19 20 20 20 19 18 18 18 20 20 18 19 18 20 19 
