252 250 249 247 248 248 248 248 248 248 249 249 249 248 247 246 247 249 247 247 246 248 249 249 248 246 248 249 249 249 249 249 247 247 247 248 247 249 249 250 251 249 249 247 247 248 249 249 248 248 249 249 249 248 249 249 249 247 247 247 248 248 247 248 249 250 249 248 247 248 250 249 248 247 248 249 249 248 248 248 248 248 250 249 250 247 246 247 246 247 247 247 248 246 245 247 245 248 245 242 241 
253 252 250 252 249 249 250 250 251 251 251 250 248 248 246 249 249 249 248 247 247 247 248 248 248 247 248 247 248 247 247 249 248 249 249 248 248 246 246 248 247 248 246 247 248 247 248 249 249 251 249 248 247 249 249 249 247 247 248 249 249 248 249 249 248 247 248 250 250 251 248 247 247 249 249 249 247 246 248 247 248 247 248 247 248 247 248 248 248 247 246 247 249 248 247 246 246 248 246 241 240 
254 252 251 252 251 250 249 248 249 249 249 249 249 249 251 250 249 249 249 248 248 249 249 249 249 247 249 249 249 249 248 250 250 249 248 248 248 249 249 249 249 249 249 249 249 249 250 249 249 249 248 248 248 249 249 249 249 250 252 250 249 247 250 249 250 249 248 249 249 249 249 249 249 247 248 247 249 249 249 249 249 249 248 248 248 248 248 248 248 249 249 249 247 247 247 247 249 247 248 240 240 
254 252 250 249 251 251 253 251 250 249 250 250 251 251 249 249 249 249 249 249 248 248 249 250 249 250 249 250 249 249 247 247 249 249 249 249 249 249 249 249 249 248 247 247 249 249 248 247 249 249 252 250 249 248 249 249 249 248 249 248 249 250 250 250 250 250 250 250 250 250 250 249 248 248 249 250 250 248 248 249 249 249 250 249 250 249 249 249 249 249 248 248 249 249 250 250 248 247 248 244 244 
253 252 251 250 249 249 250 251 251 251 251 251 250 249 249 250 251 251 249 249 246 249 249 249 249 248 249 248 249 248 249 249 250 249 249 248 247 248 249 249 249 247 248 248 248 250 250 249 249 250 250 249 249 248 250 250 250 248 248 248 248 250 249 249 251 250 249 247 248 248 249 249 249 249 249 249 249 249 248 248 247 246 248 249 249 248 247 249 248 248 248 248 248 248 247 248 248 247 248 243 244 
254 252 250 250 251 250 249 251 250 253 252 252 250 250 250 250 251 251 250 250 250 250 251 249 250 250 250 250 249 249 249 249 249 249 250 248 249 248 248 250 250 250 248 248 250 250 251 250 250 249 249 249 250 250 249 249 249 250 250 249 249 249 250 250 250 249 250 250 251 250 249 249 250 251 250 249 250 250 250 249 249 249 249 249 249 248 249 250 250 248 247 247 247 249 249 250 250 248 246 241 242 
255 255 252 251 250 250 252 251 251 250 250 252 252 250 250 250 251 251 250 249 250 251 250 250 249 250 251 250 250 250 250 251 250 250 251 250 251 252 250 251 250 251 250 249 249 248 249 249 251 250 250 249 250 250 249 250 250 251 249 249 249 249 251 250 250 249 250 250 249 250 250 251 252 252 253 253 251 251 250 252 252 251 252 250 249 249 248 249 249 251 249 250 248 249 250 248 248 247 248 243 242 
253 252 250 251 251 251 251 252 252 251 249 249 249 249 249 249 251 251 250 249 249 250 251 250 249 251 251 251 250 250 249 250 250 250 251 251 251 250 250 250 251 250 251 249 250 248 250 250 250 250 249 249 249 249 251 251 249 249 249 250 249 250 250 250 249 249 249 251 251 249 251 251 251 251 251 251 251 251 250 251 249 250 250 249 250 249 251 251 250 249 249 249 249 249 249 249 249 247 247 242 243 
254 252 249 250 251 252 251 250 249 249 251 250 251 251 251 251 250 251 251 250 251 250 251 250 251 252 251 252 251 251 251 251 251 250 249 250 249 249 249 249 249 249 249 249 248 249 250 250 250 249 250 249 249 248 250 250 250 250 250 251 251 251 251 250 250 249 248 248 249 249 249 249 249 252 249 249 250 250 253 250 251 249 249 249 250 251 251 250 249 249 249 250 250 249 247 247 248 247 248 242 244 
252 251 251 253 252 250 249 250 250 252 251 250 251 251 252 251 250 252 251 252 252 249 251 249 251 253 251 251 250 251 250 251 251 250 251 251 252 251 251 250 251 250 251 250 251 251 251 249 249 251 252 254 252 251 250 250 252 251 251 250 249 251 249 249 249 252 252 251 250 251 251 251 251 250 251 250 251 249 251 250 251 249 251 251 252 252 252 252 251 250 252 251 251 251 250 250 250 249 249 245 245 
252 252 251 252 251 249 251 250 251 251 250 252 251 252 251 249 249 250 251 252 252 251 249 250 250 251 251 251 252 253 252 250 248 249 251 251 252 252 251 253 250 252 250 250 250 251 251 251 249 249 249 250 250 249 250 250 251 251 252 253 252 252 251 250 250 251 253 252 251 251 252 252 253 253 251 250 251 251 250 251 251 253 253 251 251 250 250 249 249 249 249 250 251 250 250 250 250 250 249 244 246 
253 252 251 253 252 252 251 252 253 251 250 249 252 252 251 250 249 251 251 251 250 251 252 251 252 251 251 251 251 251 251 251 251 251 252 251 251 251 249 249 249 251 250 251 250 250 250 250 251 250 251 250 251 250 252 251 252 251 252 252 251 250 249 251 251 249 251 250 251 251 253 251 251 251 251 251 253 251 251 250 249 249 250 251 250 249 249 250 250 250 249 250 250 249 249 249 250 250 248 244 243 
254 253 251 253 253 251 250 250 252 252 252 252 251 251 252 253 253 252 251 251 249 250 251 250 251 250 251 251 252 252 253 250 250 250 250 251 251 250 251 250 252 251 252 253 252 251 252 251 252 251 250 251 252 251 251 250 252 252 252 250 250 251 252 253 251 250 250 252 252 251 249 250 252 252 250 249 249 250 251 254 253 252 250 249 251 252 251 251 250 249 249 250 252 250 249 250 250 251 248 243 243 
254 254 252 252 252 253 253 254 253 253 253 253 254 253 252 252 251 253 250 250 251 251 253 250 251 251 252 253 252 252 252 252 251 250 251 251 253 251 250 250 252 252 253 251 250 251 251 252 251 253 252 253 252 253 253 252 253 251 250 250 251 251 252 250 251 250 252 252 252 251 251 251 253 253 251 250 250 251 253 252 252 252 252 252 252 250 250 250 251 252 251 250 251 249 250 250 249 249 247 245 245 
254 255 253 255 254 253 252 250 250 252 252 251 251 250 252 252 253 253 252 251 251 251 252 252 253 253 252 252 251 251 252 252 251 252 250 251 250 250 252 252 252 251 250 252 252 252 251 251 250 251 250 253 253 252 251 251 252 251 251 251 251 252 250 252 253 253 253 252 252 252 252 252 252 251 250 250 253 252 250 250 249 252 252 252 250 249 250 250 251 250 251 251 250 250 251 251 251 250 248 244 243 
252 253 251 252 253 252 254 252 252 250 250 251 253 254 253 253 252 251 251 251 251 251 251 251 251 250 252 252 253 253 252 251 249 249 251 251 251 249 251 251 251 251 251 252 251 251 252 251 252 251 253 252 251 252 251 251 252 250 250 250 251 252 251 252 251 252 252 251 251 251 251 251 251 251 251 251 253 252 252 250 250 250 251 250 252 250 251 252 251 252 250 250 251 250 252 251 251 250 249 245 245 
255 254 251 252 252 253 253 253 252 251 251 252 252 251 252 251 251 250 251 252 252 251 252 249 250 249 251 251 250 251 251 253 251 251 249 251 250 253 251 250 250 251 254 252 251 249 250 251 250 252 252 253 253 251 252 252 252 251 251 252 252 252 251 251 251 251 251 251 252 252 252 250 250 251 251 251 250 251 251 251 251 251 251 251 251 252 251 250 251 249 253 250 251 249 248 250 250 251 251 245 244 
255 254 253 253 253 253 253 252 253 252 252 252 251 252 253 251 252 251 251 252 252 251 252 250 251 251 251 251 252 250 251 248 250 251 252 252 250 251 251 251 250 251 252 252 253 251 251 251 252 254 253 253 252 251 251 250 252 253 253 250 251 250 251 253 253 253 252 252 252 253 254 253 253 252 252 253 253 252 252 252 253 252 252 251 251 252 252 253 252 252 251 251 249 249 248 250 251 250 249 245 244 
254 254 253 254 254 253 253 252 252 253 253 253 251 251 252 252 252 252 251 252 252 253 254 253 252 250 252 251 254 252 250 250 250 251 251 251 251 253 253 252 250 250 250 253 252 251 251 249 252 251 250 252 251 252 251 250 252 250 251 251 252 253 254 253 253 251 251 251 251 253 252 253 253 253 252 251 251 251 250 251 251 252 252 251 252 251 251 252 252 251 250 250 251 252 253 252 250 249 248 245 245 
255 255 253 253 253 253 252 253 253 254 253 253 253 253 252 250 251 252 253 254 253 252 251 252 252 251 251 251 251 251 251 252 253 251 252 252 252 252 251 252 252 252 252 250 250 251 251 252 252 252 252 251 250 250 251 251 252 251 251 252 252 251 251 252 252 253 252 251 251 250 254 253 252 252 251 253 252 252 250 252 253 253 252 251 253 251 252 252 252 253 251 252 251 251 251 250 250 250 250 245 245 
255 255 254 253 253 252 254 253 254 252 252 252 254 254 254 253 250 251 250 251 252 252 253 252 251 251 253 252 253 252 252 252 252 254 252 251 250 251 252 252 252 252 252 252 253 252 252 250 254 251 252 250 251 254 251 252 250 251 252 252 253 251 252 252 254 253 254 252 254 254 254 254 253 254 252 252 254 252 252 250 250 251 252 252 252 252 252 252 252 252 253 253 253 251 251 251 252 252 251 246 244 
255 255 253 254 252 253 254 253 254 253 253 254 254 254 254 254 253 251 252 252 253 253 254 253 253 250 252 252 252 251 250 253 253 252 253 253 253 251 251 252 252 253 252 253 253 253 252 252 253 252 250 251 250 251 253 252 253 252 251 251 252 254 255 252 250 253 253 254 253 252 253 253 254 254 253 254 253 253 252 252 252 253 252 252 251 251 252 251 251 252 252 253 253 251 253 250 253 251 249 246 245 
255 255 254 254 254 253 252 252 253 253 254 253 253 252 253 251 252 251 253 252 252 252 251 252 254 254 252 251 250 250 251 250 252 251 252 251 249 251 251 253 250 250 250 251 252 252 251 251 252 252 252 250 250 251 249 250 250 251 251 252 252 251 251 250 250 251 251 252 251 252 252 251 250 252 251 253 252 251 251 251 252 252 252 251 249 250 250 252 251 250 249 250 252 252 251 251 253 252 252 245 244 
255 253 251 254 254 254 253 253 255 254 252 252 252 253 253 251 251 252 253 253 252 253 252 254 254 254 254 254 254 252 252 252 252 252 250 252 252 252 252 251 253 253 253 252 252 252 252 252 253 252 253 252 252 252 251 250 251 252 253 253 252 252 252 252 252 252 252 252 253 252 253 252 251 252 251 252 253 252 252 253 252 252 252 252 253 252 253 252 253 252 253 253 252 252 250 250 251 250 252 245 246 
255 255 253 254 254 254 254 254 253 253 252 253 253 254 254 253 254 253 254 253 253 252 253 251 252 251 252 253 251 253 252 252 253 252 252 252 251 251 251 252 252 253 253 252 252 250 251 251 253 253 251 251 252 253 254 253 251 251 251 251 252 254 254 253 251 253 254 254 253 252 252 253 253 254 253 253 253 252 253 253 252 253 252 252 253 253 253 252 252 253 253 253 253 251 250 250 252 253 253 245 244 
254 255 252 254 252 253 254 254 255 252 252 252 252 254 253 252 251 252 251 252 254 253 254 252 251 250 253 254 253 251 250 250 252 253 252 250 250 250 252 252 250 250 252 253 253 252 252 252 252 252 252 252 252 252 251 250 252 252 252 252 252 252 253 253 252 253 252 254 253 252 253 252 252 252 252 253 252 251 253 253 253 254 252 252 252 252 252 252 252 254 253 252 252 252 252 251 251 251 250 245 244 
255 255 254 254 253 253 252 252 253 253 254 253 253 252 252 253 254 254 254 252 253 253 252 251 251 251 252 252 253 251 251 251 252 252 251 251 250 253 252 252 251 251 252 251 251 252 252 252 251 252 253 253 252 253 252 252 251 251 252 251 251 250 252 253 254 252 253 252 252 253 251 252 252 253 254 253 253 254 253 254 252 254 253 253 254 253 253 251 251 252 252 252 253 250 251 251 253 253 252 245 246 
254 255 254 253 253 253 255 254 254 254 254 254 254 254 254 254 254 253 254 253 253 252 252 254 253 253 252 254 253 252 251 253 253 254 254 254 254 253 253 253 252 253 254 254 255 252 252 252 250 252 253 254 254 253 253 253 253 254 254 253 253 253 254 253 252 253 252 254 253 254 254 253 252 253 253 255 252 253 252 253 254 253 254 255 254 252 252 253 253 253 252 251 254 252 253 252 254 254 252 246 244 
255 254 253 252 252 254 255 253 253 252 252 252 253 253 254 253 251 252 252 253 253 254 252 253 252 252 253 253 253 253 252 252 253 252 253 251 253 251 250 252 254 254 253 252 252 252 253 253 255 254 253 252 252 253 252 252 251 253 253 252 253 253 252 251 251 253 254 253 252 253 254 254 254 253 252 253 253 254 253 254 253 252 252 253 254 252 253 253 253 254 253 253 254 253 253 253 252 252 250 248 248 
255 255 253 252 253 253 254 253 253 254 253 254 253 253 253 252 253 253 254 253 253 253 254 251 252 252 253 254 251 252 252 253 254 253 253 252 252 252 253 252 253 253 253 252 253 253 252 252 251 252 252 253 253 253 252 253 253 254 253 252 252 252 251 251 252 254 254 254 253 253 254 254 254 253 253 254 254 253 253 252 253 254 254 255 254 254 254 254 252 253 253 253 253 252 252 252 253 253 253 246 245 
255 254 253 253 253 252 251 252 253 254 253 253 253 253 254 254 254 254 253 254 253 253 251 253 254 254 253 253 253 253 253 253 253 254 253 252 251 253 254 253 252 251 252 253 253 253 251 253 253 253 253 253 253 253 254 254 254 254 253 253 252 253 252 253 253 254 253 255 254 253 253 253 253 253 253 253 254 254 254 254 254 254 254 254 254 254 253 252 253 254 254 253 253 253 253 253 252 252 252 248 249 
254 255 255 254 254 252 251 251 252 253 254 252 253 254 253 254 254 255 254 254 254 253 252 252 252 252 252 252 252 252 253 252 252 252 252 252 252 252 252 254 252 252 252 254 254 253 253 251 253 253 253 254 253 254 253 254 254 254 253 252 253 254 254 254 253 253 253 255 253 254 254 254 254 252 254 254 254 254 253 252 252 252 252 252 252 253 254 254 253 252 253 252 253 250 250 251 253 254 252 247 245 
255 255 253 254 253 253 253 254 254 253 253 253 254 254 253 253 253 255 254 253 252 253 253 254 254 253 252 252 253 252 252 253 253 253 252 253 254 252 253 252 253 254 253 254 253 252 253 252 252 251 252 254 253 253 252 252 253 254 253 253 253 253 253 252 253 254 254 253 253 254 254 253 253 254 253 253 253 254 255 254 254 254 253 252 252 253 253 253 252 252 253 253 253 252 252 253 254 253 251 246 245 
255 255 253 253 254 254 253 252 253 253 254 255 253 254 252 252 253 252 253 252 253 253 253 254 252 254 254 254 254 253 253 253 253 252 253 253 254 253 254 252 252 253 253 252 252 252 253 252 253 252 253 253 253 251 252 253 252 254 253 253 253 253 255 254 255 252 252 253 254 254 254 254 253 254 254 254 254 252 252 252 251 253 251 253 253 253 253 253 253 252 252 252 253 254 254 253 251 251 252 248 247 
255 255 252 253 253 254 254 253 254 253 254 253 253 252 251 251 252 253 253 252 254 254 255 252 252 253 253 254 253 253 252 252 253 253 253 253 253 254 254 254 255 253 253 253 254 254 254 253 253 253 252 253 252 254 253 252 253 253 253 254 253 254 254 253 253 253 252 253 253 252 252 253 254 254 254 254 255 254 254 254 253 254 254 254 254 252 253 253 253 254 253 254 253 252 253 251 253 253 252 247 246 
255 255 254 255 253 253 254 253 254 254 253 253 253 254 253 254 253 254 254 254 254 254 253 251 252 254 254 254 254 253 253 254 255 255 254 253 252 253 253 253 252 252 253 254 254 254 253 252 253 253 254 253 253 253 254 253 253 253 254 254 255 255 253 253 252 252 253 253 254 253 254 253 254 254 254 253 253 253 254 254 254 253 254 254 254 254 254 253 254 254 254 253 253 253 253 252 253 252 253 248 247 
254 254 253 253 253 253 253 252 251 253 253 255 254 254 254 254 254 254 252 253 252 253 254 254 254 253 253 253 251 251 253 253 253 253 250 252 252 255 254 252 252 253 253 252 251 253 253 254 252 253 253 253 253 253 253 253 251 252 251 254 253 254 254 253 252 253 253 253 253 252 254 254 254 252 252 252 253 253 254 253 253 252 253 252 253 253 253 254 253 254 253 253 254 253 253 254 253 253 252 248 248 
255 255 252 253 253 255 254 254 253 253 253 252 253 254 255 254 252 251 253 254 254 252 252 253 254 254 253 253 252 253 254 254 253 252 252 254 254 254 254 254 253 251 251 253 254 253 253 253 253 253 253 252 252 252 253 254 254 253 254 254 254 254 253 251 251 252 253 254 254 252 252 252 252 253 254 254 254 254 254 252 252 252 253 254 253 254 254 253 252 252 254 254 252 253 252 253 253 252 252 247 246 
255 255 254 255 254 255 254 254 254 253 253 254 255 255 254 253 252 253 253 254 253 253 254 255 254 253 253 253 254 254 254 254 253 253 254 253 253 253 253 253 253 252 253 254 254 255 255 254 252 252 253 253 254 253 254 254 254 253 252 253 253 254 253 253 253 252 253 253 255 254 253 253 252 253 253 254 254 253 253 252 254 254 254 254 254 255 255 254 253 253 252 253 253 252 252 253 253 253 253 249 247 
255 255 254 253 255 254 255 254 254 254 253 253 254 255 254 254 254 254 254 255 254 254 253 254 253 252 250 250 251 253 253 253 252 253 253 252 253 253 254 254 254 253 253 253 252 253 254 253 252 252 253 253 253 252 253 254 253 253 254 254 253 252 252 253 253 254 254 254 253 253 254 253 254 253 253 253 251 252 252 253 254 254 253 253 252 252 253 254 254 254 253 253 253 252 252 252 252 253 252 247 247 
255 255 254 254 254 254 253 253 253 253 254 254 253 252 253 254 254 254 254 253 253 252 252 254 254 255 254 252 251 252 252 252 251 251 253 254 254 255 254 254 252 253 253 255 254 254 254 253 253 254 254 253 253 255 254 254 252 253 254 254 253 252 253 253 254 253 253 253 253 254 254 254 254 253 253 252 253 254 255 255 254 252 252 252 253 252 253 253 252 254 251 251 252 253 253 253 253 253 252 247 246 
254 255 255 255 255 254 252 253 255 255 255 254 254 254 254 254 253 253 252 252 253 253 254 254 254 254 254 253 253 252 252 253 253 253 253 252 253 253 253 254 253 252 253 253 254 254 253 253 252 252 253 254 253 252 252 253 254 254 255 254 254 252 252 253 254 255 254 254 253 254 254 254 253 252 253 254 254 253 253 252 252 252 253 253 254 253 253 251 252 252 254 253 252 252 253 254 253 252 251 246 246 
255 255 254 254 255 255 253 253 254 253 254 252 255 255 255 253 253 254 254 253 252 253 254 254 253 253 254 253 254 254 253 253 252 252 253 254 252 252 251 252 252 253 253 252 252 254 253 254 252 253 253 254 253 253 255 254 255 253 253 253 254 253 254 254 254 253 252 253 253 253 254 253 254 254 254 253 253 254 254 254 254 253 253 252 253 251 252 252 253 253 253 252 253 251 252 253 253 254 252 246 246 
255 255 254 255 255 254 252 253 253 254 254 254 253 253 254 254 254 255 253 253 254 254 254 253 253 252 252 253 253 252 252 253 253 255 252 253 254 254 254 253 252 252 253 253 252 252 253 253 252 253 253 252 252 253 253 254 253 253 254 253 253 253 254 254 252 252 253 253 254 253 253 253 254 254 255 254 254 253 252 253 253 253 252 253 253 252 253 252 253 253 253 252 252 253 252 253 254 253 252 246 246 
255 255 255 255 255 254 254 254 254 254 254 254 254 254 254 254 253 253 252 254 255 254 254 254 254 254 254 253 255 254 254 253 254 254 254 254 254 254 254 254 254 254 254 254 253 253 253 253 253 253 253 253 254 253 253 253 253 253 253 254 254 254 254 254 254 254 254 254 255 254 255 253 254 252 253 253 253 254 254 254 253 255 255 255 252 252 252 253 253 253 254 254 254 253 255 254 254 253 252 248 248 
255 255 254 254 254 254 254 254 254 254 254 255 255 255 254 254 253 254 254 254 254 253 253 254 254 254 253 254 255 254 253 252 253 253 253 254 253 253 253 253 253 254 254 253 253 253 253 253 252 253 254 255 254 253 253 254 253 253 253 253 255 253 253 253 254 254 254 254 255 255 254 254 254 254 254 253 253 253 254 253 254 254 254 254 254 254 254 253 253 254 254 254 253 253 253 253 253 254 254 249 247 
255 255 254 254 253 255 254 254 253 253 253 253 254 254 254 254 253 253 253 253 254 253 253 253 253 253 253 253 253 254 255 254 254 253 254 254 254 254 254 254 253 253 253 253 253 253 253 253 251 253 253 253 253 253 253 254 254 254 253 253 254 254 254 254 253 255 254 253 252 252 254 254 255 254 255 255 254 254 252 252 253 253 254 254 254 253 253 251 252 254 253 254 253 254 254 254 254 253 252 248 247 
255 255 255 254 255 255 255 254 253 251 252 253 253 253 252 254 255 255 255 255 253 253 253 254 255 254 253 253 254 254 253 254 252 252 252 253 254 252 252 252 252 253 253 253 253 253 254 254 255 254 254 254 253 255 255 255 254 253 253 252 253 253 254 254 254 253 253 254 254 255 253 254 254 254 254 253 255 254 254 254 253 253 253 253 253 253 253 254 253 255 254 254 254 253 253 252 253 252 253 250 249 
255 255 254 255 254 254 254 254 254 254 253 255 254 254 255 255 255 252 253 252 253 254 253 253 253 254 254 254 253 253 254 255 254 254 253 253 253 253 253 253 253 254 253 253 253 253 253 253 253 253 253 253 253 254 254 254 254 254 255 255 254 254 253 253 254 254 254 253 253 253 254 254 254 254 254 254 255 255 255 254 254 254 253 253 253 254 254 254 253 253 253 253 254 253 253 253 253 254 253 248 246 
255 255 254 255 254 254 253 252 253 254 254 253 252 253 254 255 255 254 254 253 253 254 254 254 253 254 255 255 254 254 254 253 254 254 254 254 253 253 253 253 254 254 254 254 254 254 254 254 254 253 253 254 254 254 254 254 254 254 254 255 255 255 255 254 253 253 253 254 254 254 254 254 254 254 254 254 255 255 254 254 253 255 254 254 254 254 254 253 253 254 254 254 254 254 254 252 252 251 252 248 247 
255 255 254 255 255 254 253 253 254 255 255 255 255 255 255 255 255 254 254 253 254 255 255 254 254 253 253 253 252 254 255 255 253 253 253 253 253 253 253 253 253 254 254 254 255 254 253 253 254 254 255 255 255 254 254 253 253 253 253 254 254 255 254 254 255 254 254 253 254 254 255 255 254 255 255 255 254 253 253 253 254 254 254 254 254 254 254 254 253 253 254 254 254 253 253 253 253 254 253 248 246 
255 255 255 255 255 255 253 254 254 254 254 254 255 255 254 255 254 254 253 254 253 254 254 254 253 253 253 254 253 253 254 253 255 254 254 254 254 253 253 253 252 253 254 255 253 253 253 253 253 253 254 254 255 255 254 254 254 255 255 254 253 253 253 254 254 254 255 253 255 255 255 254 253 255 255 255 254 254 254 254 253 254 254 253 255 254 254 255 255 255 254 253 251 253 253 253 252 252 253 248 247 
255 255 255 255 254 254 254 254 254 254 254 254 254 253 254 255 255 254 253 253 253 254 254 255 254 253 254 253 254 253 254 252 254 254 254 254 253 255 255 253 254 253 254 254 254 254 254 254 254 254 254 254 253 253 253 254 255 255 254 253 253 254 255 254 255 254 254 254 254 255 255 254 253 253 253 254 254 254 254 253 254 254 255 255 254 254 253 254 254 254 254 253 253 253 252 254 254 254 254 250 248 
255 255 255 254 253 253 254 255 255 254 253 254 255 255 255 254 254 254 255 254 255 254 255 255 255 254 254 254 254 254 254 255 255 254 254 254 254 254 253 254 254 254 254 253 254 255 254 254 254 254 253 253 254 254 254 254 255 255 255 254 254 255 255 255 255 254 255 255 255 254 254 255 255 255 254 254 255 253 253 254 255 255 255 254 255 255 255 253 253 254 254 254 254 253 253 253 253 253 253 248 247 
255 255 255 255 255 255 254 254 254 255 255 255 254 254 255 254 255 255 253 254 254 254 254 254 253 255 255 255 254 254 254 254 254 254 254 255 255 255 255 254 254 254 253 254 254 254 254 254 255 255 255 254 253 254 253 254 255 255 255 254 254 254 254 254 254 255 254 253 254 255 255 255 255 254 254 255 255 255 255 255 255 255 254 253 255 255 255 255 254 253 253 254 255 254 253 254 254 255 254 249 247 
254 255 254 255 255 255 254 254 254 255 255 255 255 254 254 254 255 255 255 254 253 253 253 254 254 254 253 253 254 254 254 254 253 255 254 255 253 255 253 254 254 254 254 254 254 255 254 255 255 254 255 254 254 253 254 254 254 254 254 255 254 254 254 254 255 255 255 255 255 254 255 254 255 254 254 255 255 255 255 255 255 254 254 254 254 254 255 255 254 253 254 254 254 254 253 253 253 253 254 250 249 
255 255 255 253 254 255 254 255 255 255 255 255 255 254 254 254 255 255 255 254 255 254 254 254 254 255 254 254 253 254 254 254 254 254 255 255 255 254 254 254 254 254 254 254 254 254 254 254 254 254 254 254 253 253 254 255 255 254 254 254 254 254 254 254 254 254 254 253 255 254 255 255 255 255 254 255 254 253 253 254 255 255 255 254 254 255 255 255 254 255 254 254 253 254 253 253 252 252 251 248 250 
255 255 253 252 253 254 255 255 254 254 254 255 254 254 254 254 255 254 254 254 254 254 254 255 255 254 253 252 255 255 255 254 255 255 255 255 254 254 254 254 254 254 255 255 255 255 254 255 255 254 254 254 254 254 254 254 255 255 255 255 254 254 255 255 255 255 255 254 254 254 255 254 254 255 255 255 255 255 255 255 255 255 255 255 254 254 254 254 254 254 254 254 254 253 254 254 255 255 253 249 248 
255 255 255 255 255 255 254 254 255 255 255 254 254 254 254 254 254 255 255 254 254 254 255 255 255 255 254 254 254 254 255 254 255 255 254 254 254 254 254 254 254 254 254 253 253 254 253 255 255 254 254 252 254 255 255 255 255 255 255 255 254 254 254 254 253 255 254 255 255 254 255 255 255 255 255 255 255 255 255 254 253 253 254 254 255 254 255 255 255 255 254 254 254 255 254 254 254 254 253 248 247 
255 255 255 255 255 255 255 255 255 255 255 255 254 255 253 254 254 254 254 254 254 254 254 254 254 255 254 255 254 254 255 253 254 254 254 253 253 254 254 254 254 253 254 255 255 255 254 254 254 254 254 254 254 254 254 254 254 255 255 254 253 252 255 255 255 254 254 254 254 255 255 254 254 255 254 254 254 254 255 255 255 255 254 254 254 254 254 254 254 254 254 254 254 254 254 254 254 253 253 249 248 
255 255 254 254 254 254 253 253 254 255 255 254 253 254 255 255 255 253 252 252 253 254 254 254 254 254 254 254 254 254 253 254 254 254 254 254 254 255 255 255 255 254 254 253 253 253 254 254 254 254 254 254 254 254 254 254 254 254 254 255 254 255 253 254 253 255 255 255 255 254 254 254 254 254 254 254 254 254 254 254 254 254 254 254 254 254 253 253 253 253 252 253 253 253 253 254 254 254 254 248 249 
255 255 254 255 255 255 255 255 255 255 255 255 254 254 254 254 254 253 254 254 255 253 254 254 254 254 254 254 254 254 254 254 254 254 254 255 255 255 254 255 255 255 255 255 255 253 253 254 255 255 254 253 253 253 254 254 254 254 254 255 255 255 254 254 254 255 254 254 255 254 254 253 254 254 255 253 255 255 255 255 254 254 253 253 254 255 255 254 254 254 255 254 253 253 253 253 254 254 252 247 245 
255 255 255 255 255 255 255 255 255 254 255 255 255 254 252 253 253 254 253 252 253 253 254 254 255 254 254 254 254 254 254 254 254 254 254 254 255 253 253 254 253 254 254 254 255 254 254 253 253 254 254 254 254 254 253 253 254 254 255 254 254 254 254 254 254 253 254 254 253 254 254 255 255 253 252 253 254 254 254 253 254 254 254 254 254 253 254 254 254 253 253 254 253 253 252 253 253 253 252 248 246 
255 255 255 255 255 255 254 254 255 255 255 255 255 255 255 254 254 254 254 255 255 255 255 255 254 253 253 254 255 255 255 254 254 254 254 254 254 254 254 255 255 255 255 254 255 253 253 253 254 255 254 253 253 253 253 254 254 254 255 255 255 255 254 254 254 255 255 255 254 255 255 254 255 253 253 254 255 254 253 253 253 255 254 255 253 252 253 254 254 254 253 254 254 254 254 254 254 254 253 249 247 
255 255 254 255 255 255 255 255 255 255 255 255 254 255 255 255 255 255 255 255 254 254 254 255 255 255 253 254 254 255 254 253 254 254 254 254 254 254 254 254 253 253 254 254 255 255 254 255 253 255 254 254 253 254 255 255 254 253 253 253 254 255 255 255 254 255 254 255 254 253 255 254 255 254 254 254 255 254 255 255 255 255 255 255 255 254 253 253 254 255 254 254 253 253 253 253 254 254 252 248 248 
255 255 255 255 254 255 254 254 254 254 254 255 255 255 254 254 255 255 255 255 254 254 254 254 254 254 254 254 255 254 254 254 254 254 254 255 255 254 254 254 255 255 255 254 253 254 255 255 254 254 254 254 254 254 254 255 255 254 254 253 254 255 255 254 254 254 255 254 254 254 253 255 255 255 255 255 255 254 254 254 254 254 255 255 255 255 253 254 254 253 253 252 254 253 253 253 254 253 253 248 247 
255 255 254 255 255 255 255 255 254 254 254 254 254 254 255 254 254 254 254 254 254 254 254 254 254 254 254 254 254 254 254 254 254 255 255 254 253 253 253 255 253 253 253 254 255 255 254 254 253 253 254 254 254 253 255 254 254 254 254 254 255 255 255 255 255 255 255 255 254 254 254 254 255 255 255 255 254 254 254 254 254 254 254 255 254 253 253 253 253 255 254 254 254 254 254 253 253 253 254 251 250 
255 255 255 255 254 254 255 255 255 254 254 254 255 255 254 255 255 255 254 254 254 254 255 253 254 254 254 254 254 254 254 253 254 254 255 254 254 253 253 254 254 254 254 254 254 255 254 255 253 253 254 255 255 254 254 254 254 254 254 254 254 254 254 254 254 253 253 253 254 254 254 254 254 255 254 254 254 255 255 255 255 254 254 254 255 254 254 254 254 255 255 255 255 255 255 253 253 253 254 249 247 
255 255 254 255 254 253 253 254 255 255 255 253 254 254 254 255 255 255 254 254 252 253 254 254 255 255 255 255 254 254 254 255 254 254 253 253 254 254 254 254 254 253 253 253 254 254 254 254 254 254 254 254 253 254 253 253 254 254 255 255 254 253 253 254 255 254 253 254 253 255 254 254 254 254 254 254 253 253 253 253 254 253 253 254 254 254 253 252 253 253 255 254 254 254 254 254 254 253 254 249 248 
255 255 255 255 255 255 255 255 255 255 254 255 254 254 255 254 255 255 254 254 254 254 254 254 254 254 254 252 253 253 254 255 255 255 254 254 255 255 254 253 252 253 254 254 254 254 253 254 253 253 253 253 253 253 254 254 254 254 255 255 255 255 255 254 255 255 255 255 254 254 254 255 255 255 255 255 255 255 254 255 254 254 254 254 254 254 254 254 254 254 254 254 254 254 254 253 254 254 254 249 247 
255 255 255 255 255 254 255 255 255 254 255 255 255 255 255 255 255 255 255 254 255 255 255 254 254 252 254 254 255 255 255 254 255 255 254 255 255 255 254 255 255 255 255 253 254 254 255 255 254 254 253 254 253 254 252 254 253 253 254 253 254 255 255 254 254 253 254 255 255 255 255 254 254 255 255 255 255 255 254 254 254 253 254 254 255 255 254 254 253 254 254 255 255 254 254 254 255 255 252 249 248 
255 255 255 255 255 255 254 255 255 255 255 255 255 255 255 255 255 255 255 255 255 254 255 254 255 255 254 255 254 255 255 255 255 254 255 255 254 255 255 254 255 255 254 254 253 255 254 255 253 253 254 255 255 254 255 255 255 255 255 255 254 255 255 255 255 254 255 255 255 255 254 253 254 255 255 255 255 255 255 255 255 254 255 255 255 255 255 255 254 255 255 254 253 254 254 254 255 254 254 250 247 
255 255 255 255 255 254 255 255 255 255 255 255 255 255 255 254 255 255 255 255 254 254 255 255 255 255 254 255 255 255 255 255 254 255 255 254 255 255 255 255 255 255 255 254 255 255 255 255 255 255 254 255 255 254 254 255 255 255 255 254 255 255 255 254 254 255 255 255 255 254 254 255 255 255 254 255 255 255 254 254 255 255 255 255 255 255 255 255 255 255 254 255 254 255 254 255 255 255 255 250 248 
255 255 254 255 255 255 255 255 255 255 255 255 254 254 254 255 255 255 255 255 255 255 255 255 255 255 254 254 255 255 255 254 254 254 254 254 254 254 255 255 255 255 255 255 254 253 255 255 255 254 253 254 254 255 255 254 253 253 254 254 254 254 255 255 255 254 255 254 254 255 254 255 255 255 254 254 254 255 253 254 254 254 255 255 255 254 255 255 255 255 254 255 255 254 254 254 254 253 252 249 249 
255 255 255 255 255 255 255 255 255 254 254 254 254 254 255 255 255 255 254 253 255 254 255 255 254 255 253 254 255 255 255 254 255 255 255 255 254 255 255 255 254 253 254 255 255 254 253 254 255 255 255 254 254 254 254 254 254 255 255 255 254 255 255 254 253 254 255 255 254 253 254 255 255 255 255 255 255 255 254 253 254 254 254 254 253 254 254 254 254 254 254 254 254 254 253 254 254 254 254 250 247 
255 255 254 255 255 255 255 255 255 255 255 255 255 255 255 255 254 255 255 255 255 254 255 255 255 255 254 254 255 255 255 254 254 254 255 255 255 253 254 255 255 255 254 254 255 255 255 254 254 255 255 255 254 255 255 255 254 254 254 255 255 254 254 255 255 255 255 255 254 254 254 254 255 254 255 255 255 255 255 255 255 254 254 254 254 254 254 255 255 255 255 255 255 255 254 253 254 253 253 249 247 
255 255 255 255 255 255 255 254 254 255 255 254 254 255 255 255 255 254 255 255 255 255 255 255 255 255 255 255 255 255 255 255 255 255 254 254 254 255 255 255 255 255 255 255 255 255 254 255 255 255 255 254 254 254 254 254 255 254 254 254 255 255 255 255 255 255 255 255 255 255 255 255 255 255 254 254 253 254 255 255 255 254 254 254 254 255 255 255 255 255 254 255 255 255 255 254 254 253 252 249 248 
255 255 255 255 255 255 255 255 255 255 255 255 255 255 255 254 254 254 254 255 255 255 255 255 255 255 254 253 254 255 255 255 254 254 254 254 255 254 254 254 255 255 255 254 254 254 254 254 254 254 254 255 254 255 255 255 255 254 254 254 254 255 254 255 254 255 254 255 255 255 255 254 254 254 254 255 255 254 255 255 254 255 253 253 255 254 255 255 255 255 255 255 254 255 255 255 254 254 254 251 249 
255 255 255 253 254 255 255 255 255 255 255 254 254 255 255 255 255 254 254 254 255 255 255 255 255 255 254 255 254 255 255 254 254 254 255 254 255 253 254 254 255 254 252 254 254 255 254 254 254 254 254 255 254 255 255 254 255 254 255 254 254 254 255 255 255 255 254 255 255 255 254 254 255 254 254 255 255 255 255 255 254 255 255 255 255 254 254 254 253 255 255 255 255 255 255 254 253 252 253 249 249 
255 255 255 255 255 255 255 255 255 255 255 255 255 255 255 255 255 255 255 255 255 255 255 255 255 255 255 255 255 255 255 255 254 254 255 255 255 255 254 255 255 255 255 254 254 255 255 255 254 254 255 255 255 254 254 253 254 254 254 255 255 255 255 255 255 255 255 255 255 255 254 255 255 255 255 255 255 255 255 255 255 255 254 254 255 255 255 255 254 255 255 255 255 253 254 254 255 255 255 251 249 
255 255 255 255 255 255 255 255 255 255 255 255 255 254 254 255 255 255 255 255 255 254 255 254 255 254 254 255 255 255 255 254 255 255 255 255 255 254 254 254 255 255 255 255 255 255 254 255 254 254 255 254 255 254 255 255 255 254 254 255 255 255 255 254 255 255 255 255 255 255 255 254 254 255 255 255 255 254 255 254 254 255 255 255 255 254 254 255 255 255 255 255 255 255 255 255 255 253 252 248 248 
255 255 255 255 255 255 255 255 255 255 255 255 255 255 255 255 255 255 255 255 255 255 255 255 255 255 255 255 255 254 255 254 254 254 254 254 254 255 255 255 255 255 254 254 254 255 255 255 254 254 254 253 254 255 255 255 255 255 255 254 255 255 255 254 254 255 255 255 254 255 255 255 255 254 254 254 254 254 254 253 253 254 255 255 254 253 253 255 254 254 253 253 255 255 255 253 254 254 254 250 248 
255 255 255 255 255 255 255 255 255 255 255 255 255 255 255 255 255 254 255 255 255 255 255 255 255 255 255 254 255 254 255 255 255 255 255 255 255 255 255 255 255 255 255 255 255 255 255 254 254 254 254 254 254 254 255 255 255 255 255 255 255 255 254 254 254 254 254 255 254 255 255 254 255 254 255 255 255 254 255 255 255 254 254 255 255 254 255 254 255 255 255 255 255 254 254 254 255 254 255 250 249 
255 255 255 255 255 255 255 255 255 255 255 255 255 255 255 255 255 255 255 255 255 255 255 255 254 255 255 255 255 255 254 255 255 254 255 255 255 255 255 255 254 254 254 254 255 255 255 254 255 255 255 255 255 255 255 255 254 254 254 255 255 255 255 254 255 254 254 254 254 255 255 255 255 255 255 255 255 254 255 254 254 254 255 254 255 255 255 255 254 254 253 254 253 254 255 255 255 255 253 248 248 
255 255 255 255 255 255 255 255 255 255 255 255 255 255 255 255 255 255 255 255 255 254 253 254 254 255 255 255 255 255 255 255 254 254 254 255 255 255 254 255 255 255 254 254 254 254 254 254 254 254 255 255 254 255 255 255 254 254 255 255 255 255 255 255 255 255 255 255 255 254 253 253 254 255 254 254 255 254 255 254 253 253 254 254 254 254 254 255 255 255 255 255 255 254 255 255 255 253 251 248 248 
255 255 255 255 255 255 255 255 255 255 255 255 255 255 255 255 255 255 255 255 254 254 254 254 255 254 255 255 255 254 254 254 254 254 254 254 254 254 254 255 254 255 255 255 255 254 255 254 255 254 254 254 254 255 254 254 255 255 255 254 254 254 255 255 255 255 255 254 254 254 255 255 255 255 255 255 255 255 254 254 254 255 255 254 255 254 254 254 255 255 255 254 254 252 253 254 254 253 253 249 250 
255 255 255 255 255 255 255 255 255 255 255 254 254 255 255 255 255 255 255 255 255 255 254 253 253 254 254 254 254 255 255 255 254 254 255 255 254 254 254 255 255 255 255 253 254 254 254 254 254 254 255 255 255 255 254 254 254 255 255 255 254 254 254 254 254 254 254 254 254 254 255 255 255 255 255 255 255 255 254 255 255 255 255 254 254 254 254 254 254 254 254 254 254 253 254 254 255 254 254 250 248 
255 255 255 255 255 255 255 255 255 255 255 255 255 255 255 254 254 255 254 255 254 255 255 255 255 254 254 254 255 255 254 254 254 254 255 254 255 254 253 253 254 255 255 255 254 254 255 255 255 255 254 254 254 254 254 254 255 255 255 255 255 255 255 255 255 255 255 255 255 254 255 255 255 255 254 255 255 255 255 254 254 254 254 254 255 254 255 253 253 253 254 254 254 254 255 255 255 254 253 249 250 
255 255 254 255 255 255 255 255 255 255 255 254 254 254 255 254 254 254 254 254 255 255 254 253 253 255 255 255 254 254 254 254 254 254 254 254 254 255 255 255 254 253 255 254 253 254 253 255 255 255 254 254 253 254 254 255 255 255 255 254 255 255 255 255 255 253 255 254 255 254 255 255 255 255 254 255 255 255 255 255 255 255 254 253 254 254 254 255 254 254 254 254 255 254 254 253 254 254 254 251 250 
255 255 254 254 255 255 255 255 255 255 255 255 255 255 253 253 255 255 255 255 254 255 254 255 255 255 254 254 254 254 253 254 253 255 255 254 255 255 255 255 254 254 254 253 255 255 255 255 254 254 254 254 254 253 255 254 255 255 255 255 254 254 254 253 254 254 254 255 255 254 255 253 254 255 254 254 253 254 255 254 255 254 255 253 254 254 255 255 255 255 255 255 255 254 254 253 254 254 255 250 248 
255 255 255 255 255 255 255 255 255 255 255 254 254 254 255 255 255 255 255 255 254 255 254 255 255 255 254 255 255 254 254 253 254 255 254 255 254 255 255 255 254 254 255 255 255 255 255 255 255 255 255 254 254 253 254 254 255 255 254 255 254 255 255 255 254 254 255 255 255 255 255 254 255 255 254 255 255 255 255 255 254 255 255 255 254 255 254 254 255 255 254 254 253 254 254 254 254 254 255 250 250 
255 255 255 255 255 255 255 255 255 255 255 255 254 255 255 254 253 254 254 255 254 254 254 254 254 255 255 255 254 254 254 254 254 255 255 255 254 254 254 254 254 254 254 255 255 254 254 254 254 254 254 254 255 255 254 253 254 255 255 254 254 254 254 254 253 254 254 255 254 254 255 255 255 254 254 255 254 254 254 254 254 254 254 255 255 254 254 254 254 254 255 254 255 254 254 255 255 255 255 249 247 
255 255 255 255 255 255 255 255 255 255 255 254 254 255 255 255 255 254 255 255 255 255 255 254 255 255 254 254 253 254 254 254 253 254 254 255 255 255 255 253 254 254 255 255 255 255 255 255 255 255 255 255 255 255 254 255 254 255 255 255 255 255 255 255 255 255 255 255 255 255 254 255 255 255 255 255 254 254 255 255 255 255 255 255 254 254 255 255 254 253 254 255 255 255 255 255 254 254 254 249 249 
255 255 255 255 255 255 255 254 255 255 255 255 255 255 255 255 254 255 255 255 255 255 255 255 255 255 254 255 255 255 255 255 254 255 255 255 254 255 255 255 255 255 254 254 255 255 254 254 255 255 255 255 254 255 255 255 254 254 254 255 255 255 255 255 255 255 255 255 255 255 255 254 255 255 255 254 254 254 255 255 255 255 255 255 255 254 254 254 255 255 255 254 255 255 255 255 255 255 253 251 249 
255 255 255 254 255 255 254 254 255 255 255 255 253 254 254 255 255 255 255 255 255 255 255 255 255 255 254 254 253 255 255 255 255 254 254 254 254 254 255 255 254 255 254 255 255 255 255 255 255 255 254 254 255 254 254 255 254 255 255 255 255 255 254 255 255 254 254 255 255 255 255 255 255 255 255 255 255 255 255 255 254 255 255 255 254 255 255 255 255 255 255 255 254 255 255 255 255 255 255 250 249 
254 255 255 255 255 255 255 255 255 255 255 255 255 255 254 255 255 255 254 254 255 255 254 255 255 255 255 254 254 253 253 255 255 254 254 254 253 255 255 255 254 254 255 254 255 254 254 254 254 254 254 254 255 255 255 255 255 255 255 254 254 254 254 254 254 255 255 255 255 255 254 254 254 255 255 255 255 255 254 255 254 255 254 254 254 254 254 255 254 254 253 254 254 255 255 255 255 253 253 250 250 
255 255 255 255 255 255 255 255 255 255 254 255 254 255 255 255 255 255 254 255 255 255 254 255 255 255 255 254 254 254 253 254 254 255 255 254 254 254 254 254 253 253 254 254 254 254 255 255 254 255 255 255 254 254 253 254 254 254 254 255 255 254 255 255 255 255 255 255 254 255 255 254 254 255 254 255 255 254 255 255 255 255 255 255 254 254 254 255 255 255 255 254 254 255 255 255 252 252 253 251 251 
255 255 255 255 255 255 255 255 254 254 255 255 255 254 253 253 254 255 254 253 253 254 255 254 254 255 255 255 254 254 254 254 254 254 254 255 255 255 255 253 253 253 255 254 254 254 254 254 254 253 255 255 254 255 254 254 254 254 254 255 255 255 254 253 255 255 255 254 254 255 255 255 254 255 255 254 254 254 255 255 255 255 254 254 254 254 255 255 255 254 255 255 255 254 253 253 253 254 253 250 248 
255 255 254 255 254 255 255 255 255 255 255 255 254 254 252 253 254 254 253 251 252 252 253 254 254 254 254 253 254 253 254 255 254 255 254 254 254 254 254 255 254 253 254 255 255 255 255 255 255 254 253 253 254 254 254 254 255 255 255 255 254 254 253 253 253 254 254 254 254 255 255 254 253 254 254 253 254 253 254 254 254 254 254 254 254 254 254 254 253 253 255 254 255 252 252 253 254 254 254 251 248 
255 255 255 255 255 255 254 254 254 254 254 255 253 254 254 254 254 253 253 253 253 253 254 254 253 252 253 253 253 253 254 253 253 253 254 255 255 254 253 251 253 253 255 254 253 254 254 254 254 254 254 254 253 254 254 254 254 254 254 254 254 254 254 254 253 252 253 253 255 254 252 254 253 254 253 253 254 254 253 253 253 254 254 254 255 254 255 254 254 253 253 253 253 253 253 254 254 253 252 249 249 
255 255 253 254 254 254 255 255 254 254 255 255 254 254 253 254 253 253 254 253 254 253 254 254 253 253 252 251 254 254 255 253 253 254 253 252 252 253 252 252 253 253 254 254 255 254 253 253 253 253 254 253 253 254 253 253 253 253 254 254 254 253 254 254 254 255 254 254 253 253 253 253 253 254 254 254 255 254 255 253 252 253 254 254 252 253 253 255 254 254 252 252 253 253 254 254 252 252 250 247 245 
