58.241 -59.815 424.8
58.773 -60.880 424.3
60.046 -62.153 423.4
60.694 -62.685 422.7
61.944 -63.843 421.9
63.032 -65.116 420.8
64.306 -66.435 419.9
65.579 -67.662 419.2
66.875 -68.866 418.2
68.287 -70.255 417.3
68.912 -70.949 416.8
70.278 -72.315 415.9
71.736 -73.727 415.0
72.477 -74.421 414.5
73.889 -75.810 413.7
75.255 -77.245 412.9
76.736 -78.634 411.9
78.218 -80.185 411.0
79.676 -81.690 410.2
81.157 -83.148 409.2
82.685 -84.676 408.5
84.306 -86.204 407.5
85.856 -87.755 406.7
86.574 -88.495 406.2
88.148 -90.023 405.3
89.653 -91.690 404.5
90.486 -92.546 403.9
92.014 -94.051 403.1
93.634 -95.694 402.3
95.255 -97.176 401.6
95.995 -97.963 401.1
97.500 -99.375 400.3
99.097 -100.995 399.6
100.602 -102.593 398.7
102.106 -104.120 397.7
103.634 -105.602 397.2
104.306 -106.273 396.6
105.741 -107.685 395.9
107.199 -109.074 395.2
107.824 -109.861 394.6
109.259 -111.134 394.0
110.671 -112.593 393.2
112.106 -113.935 392.4
113.472 -115.301 391.8
114.745 -116.667 390.9
116.134 -118.102 390.3
117.500 -119.398 389.5
118.819 -120.648 388.8
120.139 -121.921 388.0
121.412 -123.264 387.4
122.662 -124.352 386.7
123.912 -125.556 386.1
125.023 -126.875 385.3
126.389 -128.079 384.5
127.500 -129.213 383.9
128.542 -130.278 383.1
129.491 -131.319 382.5
130.509 -132.384 381.9
131.458 -133.287 381.3
132.407 -134.259 380.6
133.356 -135.116 380.0
134.213 -135.949 379.3
135.093 -136.736 378.8
135.856 -137.569 378.1
136.690 -138.449 377.5
137.454 -139.167 376.9
138.333 -139.884 376.1
138.981 -140.648 375.5
139.676 -141.319 374.8
140.162 -141.806 374.3
141.088 -142.708 373.6
141.713 -143.310 373.0
142.245 -143.912 372.5
142.755 -144.259 371.9
143.171 -144.745 371.3
143.657 -145.162 370.8
144.051 -145.579 370.1
144.444 -146.111 369.6
144.838 -146.458 369.0
145.255 -146.759 368.5
145.718 -147.222 367.7
146.111 -147.616 367.1
146.412 -147.986 366.4
146.806 -148.333 365.9
147.153 -148.565 365.2
147.222 -148.796 364.6
147.593 -149.144 363.9
147.662 -149.190 363.3
147.940 -149.352 362.8
147.963 -149.444 362.3
148.102 -149.722 361.6
148.241 -149.769 361.0
148.333 -149.815 360.3
148.264 -149.815 359.8
148.403 -149.861 359.1
148.356 -149.884 358.5
148.403 -149.884 357.9
148.333 -149.838 357.2
148.333 -149.861 356.6
148.333 -149.769 355.9
148.194 -149.630 355.3
148.102 -149.606 354.7
147.963 -149.444 354.1
147.917 -149.259 353.5
147.731 -149.259 353.0
147.593 -149.074 352.4
147.477 -148.935 351.8
147.222 -148.704 351.3
147.176 -148.519 350.8
146.944 -148.333 350.3
146.829 -148.148 349.6
146.528 -147.963 349.0
146.134 -147.824 348.4
145.972 -147.569 347.8
145.741 -147.222 347.2
145.417 -146.944 346.5
145.185 -146.713 345.8
144.954 -146.481 345.3
144.630 -146.134 344.8
144.259 -145.926 344.1
143.889 -145.532 343.5
143.704 -145.324 342.9
143.356 -144.884 342.4
143.125 -144.630 341.9
142.755 -144.259 341.2
142.407 -143.935 340.6
142.037 -143.634 340.0
141.829 -143.310 339.5
141.296 -142.986 338.9
140.972 -142.569 338.3
140.764 -142.222 337.6
140.417 -141.921 337.1
140.046 -141.644 336.5
139.815 -141.343 336.0
139.514 -141.204 335.4
139.051 -140.833 334.9
138.819 -140.324 334.4
138.495 -140.162 333.7
138.056 -139.792 333.2
137.847 -139.421 332.7
137.222 -138.889 332.1
136.852 -138.634 331.5
136.458 -138.148 331.0
136.111 -137.778 330.5
135.787 -137.454 329.9
135.486 -137.222 329.4
135.046 -136.690 328.8
134.838 -136.481 328.3
134.444 -136.088 327.8
133.912 -135.741 327.3
133.704 -135.417 326.7
133.333 -134.907 326.2
133.079 -134.745 325.6
132.431 -134.259 325.1
132.315 -133.981 324.6
131.944 -133.542 324.0
131.366 -133.148 323.4
130.995 -132.662 322.9
130.671 -132.292 322.4
130.208 -132.014 321.8
129.815 -131.551 321.2
129.444 -131.296 320.7
129.144 -130.856 320.2
