111.343 -113.194 397.9
111.991 -113.866 396.8
113.565 -115.556 396.0
115.023 -116.944 395.1
115.718 -117.546 394.6
117.060 -118.935 394.1
117.662 -119.514 393.5
118.981 -120.926 392.8
120.324 -122.130 391.9
121.620 -123.426 391.2
122.917 -124.676 390.6
124.213 -125.856 389.8
125.301 -127.037 389.0
126.458 -128.171 388.2
127.361 -129.213 387.7
128.032 -129.792 387.1
129.005 -130.787 386.4
129.954 -131.782 385.8
130.926 -132.755 385.2
131.898 -133.704 384.4
132.755 -134.514 383.9
133.657 -135.440 383.2
134.583 -136.366 382.5
135.394 -137.083 382.0
136.204 -137.847 381.4
136.991 -138.588 380.8
137.616 -139.213 380.2
138.310 -139.907 379.5
138.958 -140.579 378.9
139.606 -141.227 378.2
140.509 -142.083 377.4
141.296 -143.009 376.7
141.875 -143.519 376.1
142.593 -144.213 375.3
143.287 -144.907 374.4
143.704 -145.347 373.8
144.144 -145.741 373.2
144.491 -146.111 372.7
144.954 -146.481 372.0
145.255 -146.806 371.5
145.741 -147.384 370.7
146.065 -147.662 370.2
146.319 -147.894 369.6
146.597 -148.148 369.0
146.944 -148.565 368.3
147.176 -148.681 367.8
147.593 -149.051 367.2
147.593 -149.236 366.7
147.778 -149.352 365.9
148.102 -149.606 365.2
148.148 -149.653 364.5
148.241 -149.676 363.9
148.333 -149.630 363.2
148.102 -149.606 362.5
148.218 -149.699 361.9
148.079 -149.630 361.3
147.963 -149.606 360.6
147.963 -149.583 360.1
147.940 -149.444 359.5
147.894 -149.398 358.9
147.708 -149.259 358.4
147.778 -149.190 357.7
147.616 -149.074 357.2
147.593 -148.889 356.6
147.338 -148.704 356.0
147.153 -148.704 353.1
147.199 -148.634 352.5
146.968 -148.449 351.8
146.829 -148.264 351.3
146.829 -148.079 350.8
146.620 -147.940 350.2
146.250 -147.685 349.6
146.088 -147.454 349.0
145.741 -147.222 348.4
145.509 -146.991 347.8
145.347 -146.667 347.3
145.000 -146.481 346.8
144.884 -146.366 346.3
144.537 -146.065 345.7
144.259 -145.787 345.1
143.889 -145.440 344.5
143.519 -145.000 343.8
143.148 -144.699 343.2
142.847 -144.444 342.6
142.708 -144.213 342.1
142.407 -143.796 341.6
142.037 -143.519 340.9
141.667 -143.148 340.4
141.296 -142.778 339.8
141.111 -142.593 339.3
140.694 -142.153 338.5
140.301 -141.782 337.9
140.023 -141.505 337.3
139.745 -141.204 336.8
139.606 -140.949 336.3
139.074 -140.486 335.7
138.704 -140.231 335.2
138.333 -140.046 334.7
138.056 -139.769 334.1
137.755 -139.236 333.6
137.292 -138.889 333.1
136.898 -138.611 332.4
136.505 -138.148 331.9
136.227 -137.778 331.2
135.949 -137.593 330.7
135.370 -137.222 330.1
135.000 -136.667 329.5
134.630 -136.296 329.0
134.306 -135.926 328.4
133.889 -135.556 327.8
133.519 -135.139 327.2
133.148 -134.699 326.6
132.662 -134.329 325.9
132.361 -133.889 325.3
132.037 -133.495 324.7
131.389 -132.940 324.1
130.949 -132.593 323.5
130.625 -132.176 323.0
130.324 -131.852 322.4
129.954 -131.644 321.9
129.444 -131.296 321.4
129.259 -130.926 320.7
128.866 -130.556 320.2
128.426 -130.116 319.6
