-0.361 0.458 0.456 -0.353 319.6
-0.372 0.446 0.458 -0.372 323.2
-0.372 0.458 0.473 -0.379 326.6
-0.385 0.468 0.475 -0.384 330.0
-0.387 0.492 0.492 -0.395 333.2
-0.407 0.502 0.504 -0.418 336.3
-0.418 0.507 0.511 -0.423 339.7
-0.418 0.527 0.527 -0.430 343.0
-0.430 0.537 0.544 -0.441 346.1
-0.450 0.537 0.550 -0.451 349.3
-0.456 0.550 0.566 -0.464 352.6
-0.467 0.558 0.570 -0.464 355.7
-0.477 0.583 0.583 -0.476 358.7
-0.487 0.589 0.586 -0.485 361.7
-0.490 0.596 0.590 -0.489 364.8
-0.498 0.604 0.587 -0.498 367.7
-0.496 0.607 0.604 -0.499 370.4
-0.500 0.596 0.607 -0.492 373.4
-0.499 0.597 0.604 -0.489 376.0
-0.493 0.591 0.596 -0.485 378.8
-0.487 0.593 0.576 -0.479 381.5
-0.472 0.580 0.571 -0.464 384.4
-0.464 0.573 0.563 -0.463 386.9
-0.463 0.555 0.550 -0.456 389.2
-0.431 0.541 0.538 -0.430 391.6
-0.430 0.535 0.514 -0.418 394.0
-0.408 0.519 0.504 -0.410 396.5
-0.385 0.502 0.492 -0.384 398.7
-0.372 0.488 0.473 -0.372 401.0
-0.356 0.463 0.458 -0.349 403.3
-0.353 0.453 0.437 -0.339 405.4
-0.329 0.446 0.432 -0.326 407.3
-0.315 0.422 0.407 -0.303 409.4
-0.303 0.413 0.401 -0.293 411.3
-0.292 0.400 0.388 -0.289 413.5
-0.280 0.375 0.368 -0.270 415.4
-0.264 0.373 0.365 -0.258 417.2
-0.257 0.354 0.347 -0.245 419.1
-0.237 0.354 0.344 -0.234 421.1
-0.234 0.337 0.331 -0.222 422.9
-0.222 0.325 0.311 -0.218 424.7
-0.211 0.319 0.311 -0.220 425.5
-0.205 0.308 0.315 -0.212 425.3
