-0.205 0.458 0.446 -0.349 316.6
-0.366 0.446 0.453 -0.372 320.3
-0.369 0.452 0.455 -0.372 323.7
-0.372 0.469 0.479 -0.384 327.2
-0.395 0.478 0.479 -0.400 330.7
-0.395 0.492 0.492 -0.408 333.9
-0.402 0.504 0.509 -0.418 337.4
-0.421 0.512 0.514 -0.427 340.7
-0.424 0.525 0.534 -0.430 343.9
-0.441 0.537 0.541 -0.453 347.2
-0.450 0.541 0.545 -0.463 350.6
-0.463 0.557 0.564 -0.464 353.7
-0.470 0.573 0.574 -0.476 356.7
-0.486 0.574 0.571 -0.489 359.8
-0.480 0.596 0.591 -0.487 362.9
-0.499 0.594 0.593 -0.500 365.9
-0.489 0.594 0.596 -0.496 368.7
-0.498 0.596 0.586 -0.490 371.7
-0.492 0.600 0.596 -0.489 374.4
-0.492 0.596 0.584 -0.493 377.3
-0.476 0.580 0.579 -0.476 379.8
-0.476 0.581 0.573 -0.477 382.5
-0.464 0.573 0.557 -0.464 385.2
-0.454 0.550 0.543 -0.441 387.6
-0.441 0.548 0.534 -0.440 390.1
-0.421 0.525 0.514 -0.418 392.6
-0.411 0.518 0.511 -0.402 395.1
-0.400 0.502 0.491 -0.391 397.3
-0.381 0.476 0.463 -0.375 399.6
-0.364 0.465 0.458 -0.353 402.0
-0.353 0.449 0.434 -0.338 404.1
-0.335 0.442 0.433 -0.326 406.3
-0.326 0.423 0.406 -0.322 408.5
-0.303 0.411 0.400 -0.302 410.5
-0.292 0.394 0.388 -0.283 412.7
-0.281 0.367 0.370 -0.271 414.5
-0.274 0.365 0.354 -0.263 416.6
-0.256 0.361 0.352 -0.256 418.5
-0.237 0.341 0.342 -0.234 420.4
-0.232 0.341 0.322 -0.222 422.3
-0.227 0.316 0.315 -0.211 424.1
-0.211 0.319 0.308 -0.212 426.0
